Flight_Tracks/discoveraq-tx/discoveraq-pds_p3b_20130918_r1.ict
66,  1001
Barrick J. / Aknan A.
NASA/LaRC
P3-B Data System (PDS)
NASA DISCOVER-AQ MISSION TEXAS 2013
1,  1
2013, 09, 18,  2014, 01,  31
1
UTC, Second, UTC_Start_Time
33
1, 1, 1, 1, 1, 1, 1, 1, 1, 1, 1, 1, 1, 1, 1, 1, 1, 1, 1, 1, 1, 1, 1, 1, 1, 1, 1, 1, 1, 1, 1, 1, 1
-9999, -9999, -9999,  -9999,  -9999,  -9999,  -9999,  -9999,  -9999,  -9999,  -9999,  -9999,  -9999, -9999,  -9999,  -9999,  -9999,  -9999,  -9999,  -9999, -9999,  -9999,  -9999,  -9999,  -9999,  -9999,  -9999,  -9999,  -9999,  -9999,  -9999,  -9999, -9999
FMS_ALT_PRES,  Feet,  Flight Managment System Pressure Altitude
FMS_TAS,  Knots, Flight Managment System True Air Speed
FMS_SAT,  DegC,  Flight Managment System Static Air Temp
FMS_LAT,  Degs,  Flight Managment System Latitude
FMS_LON,  Degs,  Flight Managment System Longitude
FMS_GRD_SPD,  Knots, Flight Managment System Ground Speed
FMS_HDG,  Degs,  Flight Managment System True Heading
FMS_TRK,  Degs,  FMS Track
FMS_WNS,  Knots, FMS Wind Speed
FMS_WND,  Degs,  FMS Wind Direction
IRS_PITCH,  Degs,  Inertial Reference System Pitch
IRS_ROLL,  Degs,  Inertial Reference System Roll
IRS_VERT_ACC,  G,  Inertial Reference System Vertical Acceleration
ADC_IAS,  Knots,  Aircraft Data Computer Indicated Air Speed
GPS_ALT, Feet, GPS Altitude
A_DewPoint,  DegC,  Analog Dewpoint
A_CabinPressure,  psi,  Analog Cabin Pressure
A_SurfTemp,  DegC,  Analog Surface Temp
A_TotalTemp,  DegC,  Analog Total Temp
A_JNO2_Nadir,  sec-1,  Analog JNO2 Nadir
A_JNO2_Zenith,  sec-1,  Analog JNO2 Zenith
A_RadarAlt, Feet, Analog Radar Altitude
C_StaticPressure,  Mb,  Calculated StaticPressure
C_DiffPressure,  Mb,  Calculated Difference Pressure
C_StatTempDegC,  DegC,  Calculated Static Temp
C_PotTempDegK,  DegK,   Calculated Potential Temp
C_MachNumber,  Mach,  Calculated Mach Number
C_CabAltitude,  Feet,  Calculated Cabin Altitude
C_VaporPresWater,  Mb,  Calculated Vapor Pressure W.R.T Water
C_SatVaporPresWater,  Mb,  Calculated Saturated Vapor Pressure W.R.T Water
C_SatVaporPresIce,  Mb,  Calculated Saturated Vapor Pressure W.R.T ICE
C_MixingRatio,  g/Kg,  Calculated Mixing Ratio
C_RelHumidity,  %,  Calculated Relatice Humidity
1
This is "Final Data"
18
PI_CONTACT_INFO: NASA LaRC MS 483, Hampton Va 23681; e-mail: ali.a.aknan@nasa.gov john.d.barrick@nasa.gov;
PLATFORM: NASA P3-B Aircraft
LOCATION:  included in data records
ASSOCIATED_DATA: N/A
INSTRUMENT_INFO: see http://discover-aq.larc.nasa.gov/pdf/pds.pdf
DATA_INFO: N/A
UNCERTAINTY: Nothing to report at this time
ULOD_FLAG: -7777
ULOD_VALUE: N/A;
LLOD_FLAG: -8888
LLOD_VALUE: N/A;
DM_CONTACT_INFO: ali.a.aknan@nasa.gov
PROJECT_INFO: N/A
STIPULATIONS_ON_USE: None
OTHER_COMMENTS: N/A
REVISION: R1
R1: Final Data
UTC, FMS_ALT_PRES, FMS_TAS, FMS_SAT, FMS_LAT, FMS_LON, FMS_GRD_SPD, FMS_HDG, FMS_TRK, FMS_WNS, FMS_WND, IRS_PITCH, IRS_ROLL, IRS_VERT_ACC, ADC_IAS, GPS_ALT, A_DewPoint, A_CabinPressure, A_SurfTemp, A_TotalTemp, A_JNO2_Nadir, A_JNO2_Zenith, A_RadarAlt, C_StaticPressure, C_DiffPressure, C_StatTempDegC, C_PotTempDegK, C_MachNumber, C_CabAltitude, C_VaporPresWater, C_SatVaporPresWater, C_SatVaporPresIce, C_MixingRatio, C_RelHumidity
[from data line 1880]
52389,   6160.8,   207.58,    15.00,  29.408794, -94.438820,   221.02,   254.67,   256.99,    16.98,   112.50,    -1.39,    -0.15,      0.107,   185.31,   6561.1,     9.62,     14.173,    23.32,    21.20,   0.002218,   0.006182,      -9999,   808.33,     56.410,    15.58,    306.839,      0.312,   999.7668,    12.0086,    17.7611,    20.6219,    9.37949,    67.55
52390,   6136.0,   208.11,    15.00,  29.408573, -94.439957,   221.52,   254.93,   256.99,    16.50,   112.50,    -0.82,    -0.62,      0.113,   185.51,   6540.2,     9.64,     14.172,    22.81,    21.25,   0.002200,   0.006093,      -9999,   809.09,     56.690,    15.61,    306.789,      0.313,  1001.4890,    12.0310,    17.7961,    20.6686,    9.38830,    67.77
52391,   6117.0,   208.36,    15.07,  29.408331, -94.441116,   221.89,   254.96,   257.04,    16.50,   111.83,    -1.36,    -0.47,      0.040,   185.46,   6517.5,     9.67,     14.171,    23.79,    21.27,   0.002195,   0.006002,      -9999,   809.61,     56.672,    15.64,    306.760,      0.312,  1003.0542,    12.0499,    17.8254,    20.7076,    9.39719,    67.60
52392,   6108.5,   208.28,    15.50,  29.408112, -94.442314,   222.13,   254.72,   257.08,    16.50,   111.13,    -1.41,     0.16,      0.038,   185.58,   6501.5,     9.69,     14.170,    23.31,    21.30,   0.002187,   0.005874,      -9999,   809.97,     56.660,    15.67,    306.754,      0.312,  1004.3470,    12.0672,    17.8604,    20.7542,    9.40667,    67.60
52393,   6099.5,   208.44,    15.50,  29.407907, -94.443459,   222.26,   254.55,   257.13,    16.50,   111.09,    -1.28,     0.74,      0.051,   185.62,   6487.8,     9.70,     14.171,    23.39,    21.33,   0.002179,   0.005940,      -9999,   810.36,     56.639,    15.70,    306.749,      0.312,  1003.4951,    12.0787,    17.9013,    20.8089,    9.41114,    67.39
52394,   6086.5,   208.46,    15.50,  29.407669, -94.444588,   222.37,   254.73,   257.18,    16.50,   111.09,    -1.23,     1.11,      0.072,   185.67,   6475.3,     9.76,     14.171,    23.56,    21.37,   0.002169,   0.006156,      -9999,   810.74,     56.629,    15.74,    306.752,      0.312,  1003.8236,    12.1244,    17.9481,    20.8712,    9.44276,    67.71
52395,   6074.8,   208.56,    15.50,  29.407434, -94.445740,   222.23,   255.11,   257.39,    16.50,   111.09,    -1.15,     0.86,      0.065,   185.75,   6464.5,     9.82,     14.171,    23.74,    21.37,   0.002158,   0.006314,      -9999,   811.01,     56.639,    15.75,    306.724,      0.312,  1004.0545,    12.1709,    17.9502,    20.8741,    9.47631,    68.10
52396,   6071.2,   208.58,    15.50,  29.407221, -94.446884,   221.86,   255.32,   257.53,    16.50,   110.43,    -1.10,     0.29,      0.047,   185.60,   6455.9,     9.82,     14.171,    23.16,    21.35,   0.002148,   0.006420,      -9999,   811.18,     56.574,    15.73,    306.689,      0.312,  1004.3090,    12.1754,    17.9322,    20.8501,    9.47785,    67.75
52397,   6071.0,   208.62,    15.50,  29.407019, -94.448044,   221.48,   255.41,   257.66,    16.50,   110.39,    -0.65,     0.32,      0.054,   184.96,   6447.6,     9.84,     14.170,    24.34,    21.29,   0.002137,   0.006408,      -9999,   811.17,     56.516,    15.68,    306.639,      0.312,  1004.4362,    12.1920,    17.8767,    20.7761,    9.49104,    68.29
52398,   6065.0,   208.17,    15.50,  29.406796, -94.449173,   221.09,   255.38,   257.74,    16.50,   110.39,    -0.81,     0.75,     -0.006,   184.47,   6442.0,     9.90,     14.170,    23.75,    21.23,   0.002133,   0.006243,      -9999,   811.42,     56.101,    15.66,    306.592,      0.311,  1004.8740,    12.2385,    17.8557,    20.7481,    9.52482,    68.76
52399,   6063.0,   207.59,    15.50,  29.406576, -94.450302,   220.47,   255.30,   257.83,    16.50,   110.39,    -1.18,     1.06,     -0.019,   184.01,   6437.1,     9.98,     14.171,    23.20,    21.20,   0.002130,   0.006137,      -9999,   811.46,     55.810,    15.66,    306.585,      0.310,  1003.9833,    12.3031,    17.8527,    20.7441,    9.57550,    68.96
52400,   6054.0,   207.00,    15.50,  29.406372, -94.451462,   219.84,   255.35,   257.97,    16.50,   111.06,    -0.59,     0.94,      0.033,   183.61,   6432.4,    10.01,     14.171,    23.79,    21.17,   0.002119,   0.006103,      -9999,   811.52,     55.543,    15.66,    306.576,      0.309,  1003.2318,    12.3306,    17.8495,    20.7397,    9.59647,    69.18
52401,   6045.8,   206.57,    15.50,  29.406168, -94.452599,   219.21,   255.63,   258.19,    16.50,   111.09,    -0.33,     0.50,      0.047,   183.04,   6428.2,    10.03,     14.171,    23.44,    21.14,   0.002109,   0.006153,      -9999,   811.70,     55.292,    15.65,    306.550,      0.308,  1003.5009,    12.3457,    17.8416,    20.7292,    9.60629,    69.09
52402,   6038.8,   206.11,    15.50,  29.405985, -94.453697,   218.44,   256.15,   258.31,    16.48,   111.76,     0.47,     0.10,      0.077,   181.69,   6424.8,    10.06,     14.170,    23.87,    21.09,   0.002096,   0.006196,      -9999,   811.89,     54.792,    15.65,    306.530,      0.307,  1004.6610,    12.3673,    17.8433,    20.7314,    9.62103,    69.35
52403,   6038.5,   205.11,    15.50,  29.405762, -94.454834,   217.33,   256.67,   258.41,    16.00,   111.80,     0.62,    -0.07,      0.045,   180.62,   6422.5,    10.08,     14.170,    23.38,    21.04,   0.002086,   0.006200,      -9999,   812.09,     54.044,    15.67,    306.528,      0.305,  1005.1818,    12.3858,    17.8643,    20.7595,    9.63327,    69.25
52404,   6038.2,   203.78,    15.50,  29.405558, -94.455963,   216.44,   256.77,   258.54,    16.00,   111.13,     0.57,    -0.20,      0.007,   179.77,   6422.7,    10.09,     14.170,    23.85,    20.97,   0.002079,   0.006158,      -9999,   812.10,     53.375,    15.67,    306.521,      0.303,  1006.0342,    12.3989,    17.8584,    20.7515,    9.64338,    69.34
52405,   6041.8,   202.73,    15.50,  29.405384, -94.457077,   215.31,   256.55,   258.67,    16.00,   110.43,     0.44,    -0.38,     -0.016,   178.84,   6424.9,    10.13,     14.169,    23.09,    20.89,   0.002075,   0.006040,      -9999,   811.97,     52.879,    15.64,    306.510,      0.302,  1006.6288,    12.4279,    17.8304,    20.7143,    9.66798,    69.99
52406,   6046.8,   201.70,    15.50,  29.405191, -94.458191,   213.93,   256.41,   258.75,    16.00,   110.39,     0.31,    -0.57,     -0.033,   177.69,   6427.7,    10.19,     14.170,    23.68,    20.83,   0.002070,   0.005882,      -9999,   811.82,     52.302,    15.64,    306.521,      0.300,  1006.1940,    12.4771,    17.8258,    20.7081,    9.70856,    70.06
52407,   6049.5,   200.51,    15.50,  29.405003, -94.459282,   212.57,   256.56,   258.84,    15.97,   111.06,     0.22,    -0.24,     -0.028,   176.76,   6429.2,    10.22,     14.170,    22.98,    20.79,   0.002065,   0.005862,      -9999,   811.77,     51.663,    15.65,    306.539,      0.298,  1005.3475,    12.5059,    17.8397,    20.7266,    9.73197,    70.01
52408,   6047.8,   199.35,    15.50,  29.404806, -94.460388,   211.46,   256.90,   258.89,    15.50,   111.09,    -0.04,     0.21,     -0.049,   175.85,   6429.8,    10.25,     14.170,    22.45,    20.73,   0.002060,   0.005854,      -9999,   811.74,     51.136,    15.65,    306.542,      0.297,  1005.4778,    12.5294,    17.8390,    20.7258,    9.75093,    70.19
52409,   6050.0,   198.40,    15.50,  29.404627, -94.461479,   210.70,   257.20,   258.98,    15.50,   110.43,    -0.47,     0.48,     -0.057,   175.16,   6429.6,    10.26,     14.170,    22.52,    20.68,   0.002058,   0.005782,      -9999,   811.72,     50.649,    15.64,    306.536,      0.295,  1005.3445,    12.5395,    17.8299,    20.7136,    9.75920,    70.43
52410,   6048.8,   197.65,    15.50,  29.404455, -94.462563,   209.71,   257.25,   259.11,    15.50,   110.39,    -0.50,     0.20,     -0.047,   174.18,   6427.8,    10.28,     14.170,    22.42,    20.63,   0.002053,   0.005696,      -9999,   811.70,     50.225,    15.64,    306.533,      0.294,  1004.8267,    12.5542,    17.8242,    20.7059,    9.77101,    70.60
52411,   6044.2,   196.61,    15.50,  29.404272, -94.463669,   208.81,   257.13,   259.24,    15.47,   110.39,    -0.75,    -0.43,     -0.038,   173.16,   6424.2,    10.32,     14.170,    23.43,    20.61,   0.002048,   0.005586,      -9999,   811.80,     49.661,    15.67,    306.554,      0.292,  1004.6759,    12.5884,    17.8586,    20.7519,    9.79682,    70.67
52412,   6041.5,   195.66,    15.50,  29.404093, -94.464745,   207.56,   257.15,   259.37,    15.00,   110.39,    -0.28,    -0.54,      0.004,   172.25,   6418.5,    10.34,     14.170,    22.83,    20.58,   0.002039,   0.005572,      -9999,   811.95,     49.122,    15.69,    306.561,      0.291,  1005.2411,    12.6053,    17.8837,    20.7854,    9.80835,    70.53
52413,   6034.2,   194.62,    15.50,  29.403915, -94.465805,   206.21,   257.29,   259.46,    15.00,   110.39,    -0.31,     0.31,     -0.015,   171.02,   6412.8,    10.32,     14.170,    23.03,    20.55,   0.002035,   0.005619,      -9999,   812.19,     48.493,    15.72,    306.570,      0.289,  1005.7824,    12.5843,    17.9217,    20.8360,    9.78879,    69.99
52414,   6036.5,   193.37,    15.50,  29.403751, -94.466843,   205.46,   257.48,   259.55,    15.00,   110.39,    -0.88,     0.89,     -0.059,   170.14,   6407.0,    10.27,     14.169,    23.04,    20.52,   0.002036,   0.005652,      -9999,   812.40,     47.770,    15.76,    306.592,      0.287,  1006.6140,    12.5478,    17.9706,    20.9013,    9.75732,    69.75
52415,   6021.5,   192.13,    15.50,  29.403576, -94.467941,   204.57,   257.68,   259.64,    15.00,   110.39,    -0.81,     0.77,     -0.027,   169.72,   6399.5,    10.23,     14.170,    23.28,    20.49,   0.002031,   0.005645,      -9999,   812.53,     47.381,    15.77,    306.591,      0.286,  1005.8387,    12.5115,    17.9838,    20.9190,    9.72708,    69.50
52416,   6022.0,   191.30,    15.50,  29.403402, -94.468994,   203.58,   257.89,   259.86,    15.00,   110.39,    -0.18,     0.78,      0.022,   168.99,   6391.1,    10.22,     14.170,    22.83,    20.47,   0.002023,   0.005602,      -9999,   812.73,     47.155,    15.78,    306.573,      0.285,  1004.6167,    12.5042,    17.9875,    20.9239,    9.71892,    69.33
52417,   6008.2,   190.40,    15.50,  29.403255, -94.470055,   202.71,   258.07,   260.03,    15.00,   109.72,     0.06,     0.94,      0.016,   168.07,   6382.4,    10.27,     14.170,    23.33,    20.47,   0.002018,   0.005583,      -9999,   813.01,     46.751,    15.81,    306.579,      0.284,  1005.3920,    12.5434,    18.0278,    20.9777,    9.74647,    69.56
52418,   5998.5,   189.64,    15.50,  29.403097, -94.471123,   201.82,   258.29,   260.17,    15.00,   109.69,    -0.25,     1.39,     -0.027,   167.25,   6374.6,    10.30,     14.169,    23.06,    20.46,   0.002018,   0.005619,      -9999,   813.22,     46.279,    15.86,    306.605,      0.282,  1006.6526,    12.5704,    18.0802,    21.0477,    9.76522,    69.53
52419,   5993.2,   188.57,    15.50,  29.402954, -94.472153,   200.70,   258.63,   260.44,    15.00,   109.69,    -0.53,     2.82,     -0.034,   166.45,   6367.1,    10.29,     14.170,    22.65,    20.44,   0.002022,   0.005705,      -9999,   813.46,     45.707,    15.89,    306.616,      0.281,  1006.1642,    12.5636,    18.1209,    21.1021,    9.75687,    69.08
52420,   5984.5,   187.76,    15.50,  29.402796, -94.473167,   199.71,   259.01,   260.74,    14.97,   109.69,    -0.42,     4.05,     -0.005,   165.72,   6358.8,    10.24,     14.170,    23.34,    20.43,   0.002023,   0.005756,      -9999,   813.75,     45.295,    15.92,    306.616,      0.279,  1006.1404,    12.5251,    18.1545,    21.1471,    9.72305,    68.74
52421,   5970.8,   186.98,    15.57,  29.402674, -94.474236,   198.96,   259.42,   261.06,    14.50,   109.69,     0.08,     4.67,      0.021,   164.93,   6348.0,    10.23,     14.170,    23.31,    20.43,   0.002020,   0.005747,      -9999,   814.01,     44.931,    15.96,    306.625,      0.278,  1006.0901,    12.5100,    18.1950,    21.2012,    9.70796,    68.62
52422,   5964.0,   186.01,    16.00,  29.402512, -94.475281,   198.21,   259.88,   261.54,    14.50,   109.69,    -0.14,     4.71,     -0.016,   164.28,   6338.0,    10.21,     14.170,    23.63,    20.44,   0.002020,   0.005740,      -9999,   814.23,     44.583,    16.00,    306.648,      0.277,  1006.0369,    12.4983,    18.2463,    21.2697,    9.69613,    68.48
52423,   5958.5,   185.25,    16.00,  29.402395, -94.476318,   197.45,   260.40,   262.07,    14.50,   109.69,    -0.66,     4.46,     -0.039,   163.65,   6327.7,    10.19,     14.169,    23.25,    20.42,   0.002020,   0.005692,      -9999,   814.45,     44.213,    16.02,    306.642,      0.276,  1006.8420,    12.4779,    18.2661,    21.2963,    9.67736,    68.14
52424,   5948.0,   184.46,    16.00,  29.402328, -94.477348,   196.46,   260.88,   262.60,    14.50,   109.69,    -0.47,     4.06,     -0.003,   163.11,   6316.9,    10.18,     14.169,    22.58,    20.43,   0.002014,   0.005644,      -9999,   814.74,     43.907,    16.06,    306.659,      0.275,  1006.7088,    12.4737,    18.3191,    21.3672,    9.67057,    68.15
52425,   5937.5,   183.77,    16.00,  29.402161, -94.478363,   195.71,   261.28,   263.17,    14.50,   109.69,     0.46,     3.49,      0.060,   162.56,   6306.6,    10.22,     14.170,    23.24,    20.40,   0.002005,   0.005634,      -9999,   815.07,     43.664,    16.05,    306.612,      0.274,  1005.7084,    12.5084,    18.3063,    21.3501,    9.69392,    68.34
52426,   5926.0,   183.06,    16.00,  29.402115, -94.479362,   194.96,   261.59,   263.60,    14.50,   110.36,     0.99,     2.68,      0.048,   161.54,   6296.3,    10.22,     14.169,    22.73,    20.34,   0.001999,   0.005648,      -9999,   815.41,     43.313,    16.03,    306.557,      0.273,  1007.1349,    12.5086,    18.2856,    21.3224,    9.69002,    68.41
52427,   5914.0,   182.15,    16.00,  29.401983, -94.480400,   194.07,   262.10,   263.95,    14.50,   110.39,     0.60,     1.73,     -0.005,   160.64,   6285.4,    10.21,     14.168,    23.06,    20.27,   0.001996,   0.005703,      -9999,   815.68,     42.715,    16.02,    306.511,      0.271,  1008.4075,    12.4999,    18.2667,    21.2971,    9.67986,    68.65
52428,   5902.0,   181.08,    16.00,  29.401941, -94.481438,   193.08,   262.80,   264.26,    14.50,   110.39,     0.40,     0.91,     -0.034,   159.63,   6277.6,    10.29,     14.168,    23.66,    20.19,   0.001995,   0.005780,      -9999,   815.88,     42.168,    16.00,    306.466,      0.269,  1008.3898,    12.5621,    18.2408,    21.2624,    9.72639,    69.23
52429,   5897.5,   179.98,    16.00,  29.401819, -94.482445,   192.21,   263.35,   264.51,    14.47,   110.39,    -0.18,     0.30,     -0.057,   158.78,   6270.6,    10.44,     14.169,    23.54,    20.12,   0.001998,   0.005845,      -9999,   816.11,     41.604,    15.98,    306.423,      0.267,  1007.2504,    12.6924,    18.2208,    21.2357,    9.82598,    69.92
52430,   5889.5,   178.98,    16.00,  29.401800, -94.483444,   191.33,   263.56,   264.65,    14.00,   109.72,    -0.08,    -0.02,     -0.033,   158.20,   6262.2,    10.61,     14.169,    23.54,    20.08,   0.001998,   0.005910,      -9999,   816.36,     41.210,    15.99,    306.406,      0.266,  1007.0609,    12.8384,    18.2309,    21.2492,    9.93782,    70.82
52431,   5885.5,   178.07,    16.00,  29.401648, -94.484451,   190.48,   263.51,   264.77,    14.00,   109.02,     0.20,    -0.23,     -0.003,   157.72,   6252.6,    10.72,     14.169,    24.00,    20.08,   0.001997,   0.005931,      -9999,   816.68,     40.953,    16.01,    306.397,      0.265,  1006.2797,    12.9330,    18.2600,    21.2881,   10.00815,    70.89
