Flight_Tracks/discoveraq-tx/discoveraq-pds_p3b_20130918_r1.ict
66,  1001
Barrick J. / Aknan A.
NASA/LaRC
P3-B Data System (PDS)
NASA DISCOVER-AQ MISSION TEXAS 2013
1,  1
2013, 09, 18,  2014, 01,  31
1
UTC, Second, UTC_Start_Time
33
1, 1, 1, 1, 1, 1, 1, 1, 1, 1, 1, 1, 1, 1, 1, 1, 1, 1, 1, 1, 1, 1, 1, 1, 1, 1, 1, 1, 1, 1, 1, 1, 1
-9999, -9999, -9999,  -9999,  -9999,  -9999,  -9999,  -9999,  -9999,  -9999,  -9999,  -9999,  -9999, -9999,  -9999,  -9999,  -9999,  -9999,  -9999,  -9999, -9999,  -9999,  -9999,  -9999,  -9999,  -9999,  -9999,  -9999,  -9999,  -9999,  -9999,  -9999, -9999
FMS_ALT_PRES,  Feet,  Flight Managment System Pressure Altitude
FMS_TAS,  Knots, Flight Managment System True Air Speed
FMS_SAT,  DegC,  Flight Managment System Static Air Temp
FMS_LAT,  Degs,  Flight Managment System Latitude
FMS_LON,  Degs,  Flight Managment System Longitude
FMS_GRD_SPD,  Knots, Flight Managment System Ground Speed
FMS_HDG,  Degs,  Flight Managment System True Heading
FMS_TRK,  Degs,  FMS Track
FMS_WNS,  Knots, FMS Wind Speed
FMS_WND,  Degs,  FMS Wind Direction
IRS_PITCH,  Degs,  Inertial Reference System Pitch
IRS_ROLL,  Degs,  Inertial Reference System Roll
IRS_VERT_ACC,  G,  Inertial Reference System Vertical Acceleration
ADC_IAS,  Knots,  Aircraft Data Computer Indicated Air Speed
GPS_ALT, Feet, GPS Altitude
A_DewPoint,  DegC,  Analog Dewpoint
A_CabinPressure,  psi,  Analog Cabin Pressure
A_SurfTemp,  DegC,  Analog Surface Temp
A_TotalTemp,  DegC,  Analog Total Temp
A_JNO2_Nadir,  sec-1,  Analog JNO2 Nadir
A_JNO2_Zenith,  sec-1,  Analog JNO2 Zenith
A_RadarAlt, Feet, Analog Radar Altitude
C_StaticPressure,  Mb,  Calculated StaticPressure
C_DiffPressure,  Mb,  Calculated Difference Pressure
C_StatTempDegC,  DegC,  Calculated Static Temp
C_PotTempDegK,  DegK,   Calculated Potential Temp
C_MachNumber,  Mach,  Calculated Mach Number
C_CabAltitude,  Feet,  Calculated Cabin Altitude
C_VaporPresWater,  Mb,  Calculated Vapor Pressure W.R.T Water
C_SatVaporPresWater,  Mb,  Calculated Saturated Vapor Pressure W.R.T Water
C_SatVaporPresIce,  Mb,  Calculated Saturated Vapor Pressure W.R.T ICE
C_MixingRatio,  g/Kg,  Calculated Mixing Ratio
C_RelHumidity,  %,  Calculated Relatice Humidity
1
This is "Final Data"
18
PI_CONTACT_INFO: NASA LaRC MS 483, Hampton Va 23681; e-mail: ali.a.aknan@nasa.gov john.d.barrick@nasa.gov;
PLATFORM: NASA P3-B Aircraft
LOCATION:  included in data records
ASSOCIATED_DATA: N/A
INSTRUMENT_INFO: see http://discover-aq.larc.nasa.gov/pdf/pds.pdf
DATA_INFO: N/A
UNCERTAINTY: Nothing to report at this time
ULOD_FLAG: -7777
ULOD_VALUE: N/A;
LLOD_FLAG: -8888
LLOD_VALUE: N/A;
DM_CONTACT_INFO: ali.a.aknan@nasa.gov
PROJECT_INFO: N/A
STIPULATIONS_ON_USE: None
OTHER_COMMENTS: N/A
REVISION: R1
R1: Final Data
UTC, FMS_ALT_PRES, FMS_TAS, FMS_SAT, FMS_LAT, FMS_LON, FMS_GRD_SPD, FMS_HDG, FMS_TRK, FMS_WNS, FMS_WND, IRS_PITCH, IRS_ROLL, IRS_VERT_ACC, ADC_IAS, GPS_ALT, A_DewPoint, A_CabinPressure, A_SurfTemp, A_TotalTemp, A_JNO2_Nadir, A_JNO2_Zenith, A_RadarAlt, C_StaticPressure, C_DiffPressure, C_StatTempDegC, C_PotTempDegK, C_MachNumber, C_CabAltitude, C_VaporPresWater, C_SatVaporPresWater, C_SatVaporPresIce, C_MixingRatio, C_RelHumidity
[from data line 1487]
51996,   6436.0,   214.24,    14.50,  29.359415, -94.449333,   199.85,    95.64,    92.84,    17.02,   130.08,     0.96,    -3.19,      0.022,   189.79,   6860.8,     9.88,     14.209,    22.90,    20.64,   0.002009,   0.007449,      -9999,   800.05,     59.320,    14.70,    306.801,      0.321,   929.8021,    12.2231,    16.7803,    19.3209,    9.64995,    72.56
51997,   6428.0,   214.15,    14.50,  29.359293, -94.448273,   199.38,    95.32,    92.58,    17.50,   130.08,     1.04,    -2.69,      0.017,   189.67,   6856.1,     9.78,     14.209,    23.50,    20.65,   0.002006,   0.007457,      -9999,   800.18,     59.259,    14.71,    306.803,      0.321,   929.6163,    12.1447,    16.7959,    19.3414,    9.58553,    71.74
51998,   6426.0,   213.90,    14.50,  29.359249, -94.447220,   199.36,    94.94,    92.36,    17.50,   130.08,     1.16,    -2.20,      0.017,   189.34,   6851.9,     9.58,     14.209,    23.31,    20.65,   0.002004,   0.007466,      -9999,   800.29,     59.073,    14.73,    306.811,      0.321,   930.1949,    11.9793,    16.8168,    19.3691,    9.45166,    70.82
51999,   6420.8,   213.66,    14.50,  29.359249, -94.446175,   198.98,    94.68,    92.10,    17.50,   129.41,     1.31,    -1.81,      0.023,   189.00,   6849.3,     9.41,     14.209,    24.12,    20.61,   0.002002,   0.007463,      -9999,   800.32,     58.928,    14.71,    306.786,      0.320,   930.1624,    11.8464,    16.7939,    19.3388,    9.34493,    70.69
52000,   6420.5,   213.44,    14.50,  29.359249, -94.445137,   198.61,    94.64,    91.97,    17.50,   129.38,     1.44,    -1.46,      0.019,   188.43,   6847.4,     9.55,     14.208,    23.80,    20.60,   0.002000,   0.007427,      -9999,   800.39,     58.642,    14.72,    306.792,      0.319,   930.8828,    11.9551,    16.8078,    19.3571,    9.43113,    72.01
52001,   6424.0,   213.06,    14.50,  29.359249, -94.444077,   198.36,    94.70,    91.84,    17.50,   128.71,     1.33,    -1.48,     -0.002,   188.05,   6845.7,     9.92,     14.208,    23.11,    20.61,   0.001998,   0.007385,      -9999,   800.47,     58.295,    14.77,    306.837,      0.318,   931.3376,    12.2538,    16.8627,    19.4297,    9.66951,    73.23
52002,   6419.8,   212.61,    14.50,  29.359207, -94.443008,   198.11,    94.68,    91.75,    17.50,   128.67,     1.29,    -1.91,     -0.008,   187.74,   6844.9,    10.13,     14.208,    23.39,    20.66,   0.001997,   0.007362,      -9999,   800.48,     58.056,    14.84,    306.910,      0.318,   930.9509,    12.4273,    16.9388,    19.5303,    9.80831,    73.31
52003,   6418.0,   212.11,    14.50,  29.359074, -94.441978,   197.73,    94.51,    91.62,    17.50,   128.67,     1.33,    -2.46,     -0.002,   187.39,   6844.9,    10.05,     14.209,    23.67,    20.66,   0.001997,   0.007374,      -9999,   800.47,     57.878,    14.86,    306.930,      0.317,   930.5522,    12.3617,    16.9579,    19.5555,    9.75595,    72.20
52004,   6418.8,   211.64,    14.50,  29.359074, -94.440926,   197.36,    94.21,    91.48,    17.50,   128.67,     1.37,    -3.13,     -0.001,   186.86,   6845.1,     9.80,     14.208,    24.00,    20.66,   0.001997,   0.007364,      -9999,   800.50,     57.606,    14.89,    306.954,      0.317,   930.8268,    12.1533,    16.9855,    19.5921,    9.58859,    70.92
52005,   6416.0,   211.31,    14.50,  29.359074, -94.439865,   197.11,    93.91,    91.26,    17.50,   128.67,     1.39,    -3.88,     -0.004,   186.59,   6844.3,     9.60,     14.208,    23.69,    20.66,   0.001999,   0.007312,      -9999,   800.53,     57.345,    14.91,    306.975,      0.316,   931.0423,    11.9957,    17.0119,    19.6270,    9.46191,    70.13
52006,   6415.0,   210.89,    14.50,  29.359074, -94.438850,   196.74,    93.66,    91.00,    17.50,   128.67,     1.40,    -4.67,     -0.009,   186.45,   6843.5,     9.52,     14.208,    23.58,    20.66,   0.002000,   0.007260,      -9999,   800.57,     57.231,    14.92,    306.980,      0.316,   931.2549,    11.9301,    17.0205,    19.6384,    9.40901,    70.13
52007,   6423.2,   210.60,    14.50,  29.359074, -94.437820,   196.48,    93.44,    90.73,    17.50,   128.67,     1.38,    -5.37,     -0.022,   186.24,   6842.3,     9.51,     14.208,    23.33,    20.66,   0.002002,   0.007233,      -9999,   800.57,     57.044,    14.93,    306.997,      0.315,   930.9803,    11.9196,    17.0382,    19.6619,    9.40058,    69.85
52008,   6418.5,   210.38,    14.57,  29.359074, -94.436752,   196.12,    93.16,    90.33,    17.50,   128.67,     1.09,    -4.92,     -0.041,   185.68,   6840.6,     9.51,     14.208,    23.22,    20.65,   0.001996,   0.007225,      -9999,   800.60,     56.914,    14.95,    307.006,      0.315,   931.7335,    11.9204,    17.0514,    19.6793,    9.40084,    69.96
52009,   6413.0,   210.05,    14.93,  29.359074, -94.435738,   195.99,    92.67,    89.98,    17.50,   128.67,     0.80,    -3.76,     -0.040,   186.04,   6837.7,     9.53,     14.208,    24.05,    20.66,   0.001986,   0.007202,      -9999,   800.62,     56.817,    14.96,    307.024,      0.315,   931.2018,    11.9395,    17.0713,    19.7056,    9.41585,    69.94
52010,   6413.5,   209.99,    14.57,  29.359074, -94.434708,   195.75,    92.11,    89.59,    17.50,   128.67,     0.63,    -3.36,     -0.033,   186.19,   6833.3,     9.54,     14.208,    23.56,    20.66,   0.001980,   0.007211,      -9999,   800.66,     56.892,    14.95,    307.005,      0.315,   931.1694,    11.9443,    17.0562,    19.6857,    9.41934,    69.92
52011,   6411.0,   209.97,    15.00,  29.359074, -94.433670,   195.74,    91.76,    89.28,    17.50,   128.00,     0.50,    -3.44,     -0.034,   186.15,   6829.0,     9.54,     14.208,    23.56,    20.67,   0.001978,   0.007242,      -9999,   800.79,     57.020,    14.96,    306.996,      0.315,   931.5681,    11.9504,    17.0619,    19.6932,    9.42261,    70.31
52012,   6403.2,   210.14,    15.00,  29.359074, -94.432625,   195.62,    91.67,    89.02,    17.50,   127.97,     0.04,    -3.69,     -0.056,   186.41,   6823.5,     9.64,     14.208,    23.78,    20.71,   0.001973,   0.007260,      -9999,   800.97,     57.038,    14.99,    307.012,      0.315,   931.4233,    12.0294,    17.0988,    19.7420,    9.48359,    70.33
52013,   6401.0,   210.27,    14.93,  29.359074, -94.431580,   195.62,    91.63,    88.80,    17.50,   127.30,    -0.22,    -3.92,     -0.047,   186.60,   6815.7,     9.69,     14.208,    23.16,    20.74,   0.001971,   0.007231,      -9999,   801.12,     57.093,    15.02,    307.028,      0.315,   932.1084,    12.0644,    17.1329,    19.7872,    9.50987,    70.50
52014,   6394.2,   210.39,    14.57,  29.359152, -94.430550,   195.63,    91.46,    88.54,    17.50,   127.27,    -0.10,    -4.05,     -0.008,   186.65,   6807.2,     9.67,     14.208,    23.71,    20.77,   0.001971,   0.007153,      -9999,   801.29,     57.288,    15.03,    307.022,      0.316,   931.4323,    12.0518,    17.1454,    19.8037,    9.49772,    70.37
52015,   6382.2,   210.52,    14.93,  29.359249, -94.429512,   195.76,    91.06,    88.27,    17.50,   127.27,     0.18,    -4.18,      0.026,   186.81,   6798.2,     9.67,     14.208,    23.26,    20.78,   0.001970,   0.007075,      -9999,   801.65,     57.428,    15.03,    306.980,      0.316,   931.0778,    12.0511,    17.1433,    19.8011,    9.49282,    70.26
52016,   6365.5,   210.61,    14.57,  29.359249, -94.428467,   196.01,    90.59,    87.91,    17.50,   127.27,     0.41,    -4.43,      0.036,   186.76,   6789.5,     9.69,     14.208,    23.82,    20.81,   0.001971,   0.007011,      -9999,   802.00,     57.405,    15.06,    306.973,      0.316,   932.0286,    12.0694,    17.1754,    19.8435,    9.50327,    70.23
52017,   6362.5,   210.52,    15.00,  29.359249, -94.427444,   196.12,    90.20,    87.52,    17.52,   126.60,     0.50,    -4.75,      0.009,   186.82,   6781.0,     9.66,     14.207,    23.71,    20.83,   0.001971,   0.006954,      -9999,   802.23,     57.479,    15.08,    306.970,      0.316,   933.2186,    12.0444,    17.1982,    19.8738,    9.48050,    70.01
52018,   6349.5,   210.63,    15.00,  29.359278, -94.426392,   196.13,    89.95,    87.13,    18.00,   126.56,    -0.07,    -4.13,     -0.047,   187.09,   6773.4,     9.62,     14.207,    24.09,    20.86,   0.001961,   0.006918,      -9999,   802.50,     57.467,    15.11,    306.969,      0.316,   933.4344,    12.0134,    17.2281,    19.9134,    9.45248,    69.58
52019,   6345.0,   210.72,    15.00,  29.359415, -94.425354,   196.26,    89.66,    86.82,    18.00,   126.56,    -0.41,    -2.89,     -0.046,   187.28,   6764.4,     9.61,     14.207,    23.04,    20.89,   0.001951,   0.006890,      -9999,   802.73,     57.493,    15.13,    306.972,      0.316,   933.5641,    12.0000,    17.2569,    19.9517,    9.43912,    69.53
52020,   6341.2,   210.91,    15.00,  29.359415, -94.424286,   196.38,    89.35,    86.56,    18.00,   126.56,    -0.37,    -2.40,     -0.014,   187.57,   6755.2,     9.59,     14.208,    23.33,    20.93,   0.001946,   0.006876,      -9999,   802.92,     57.682,    15.16,    306.976,      0.316,   932.1881,    11.9853,    17.2835,    19.9869,    9.42503,    69.18
52021,   6332.5,   211.15,    15.00,  29.359442, -94.423264,   196.52,    89.17,    86.34,    18.00,   125.89,    -0.25,    -3.63,      0.012,   187.79,   6743.7,     9.58,     14.208,    22.77,    20.97,   0.001951,   0.006847,      -9999,   803.23,     57.867,    15.18,    306.974,      0.317,   932.2618,    11.9761,    17.3155,    20.0293,    9.41409,    69.01
52022,   6318.0,   211.34,    15.00,  29.359589, -94.422234,   196.89,    89.05,    86.11,    18.00,   125.86,     0.18,    -6.79,      0.033,   187.86,   6731.4,     9.53,     14.208,    24.19,    21.01,   0.001973,   0.006755,      -9999,   803.58,     58.050,    15.21,    306.963,      0.317,   932.3062,    11.9402,    17.3440,    20.0672,    9.38130,    68.68
52023,   6305.0,   211.53,    15.00,  29.359589, -94.421219,   197.13,    88.74,    85.62,    18.00,   125.86,     0.62,   -10.27,      0.041,   187.84,   6721.0,     9.50,     14.207,    23.58,    21.05,   0.002006,   0.006666,      -9999,   803.95,     58.135,    15.24,    306.954,      0.317,   933.0150,    11.9150,    17.3774,    20.1115,    9.35679,    68.42
52024,   6284.8,   211.69,    15.00,  29.359701, -94.420151,   197.25,    87.92,    84.95,    18.00,   125.86,     1.01,   -13.72,      0.038,   187.75,   6711.5,     9.49,     14.207,    23.87,    21.08,   0.002044,   0.006601,      -9999,   804.32,     58.094,    15.28,    306.954,      0.317,   934.3881,    11.9070,    17.4208,    20.1691,    9.34597,    68.39
52025,   6280.5,   211.68,    15.00,  29.359772, -94.419113,   197.26,    86.48,    84.09,    18.00,   125.86,     1.24,   -17.25,      0.020,   187.70,   6701.4,     9.49,     14.207,    23.86,    21.10,   0.002091,   0.006548,      -9999,   804.63,     58.023,    15.30,    306.948,      0.317,   934.3231,    11.9106,    17.4492,    20.2069,    9.34519,    68.32
52026,   6277.2,   211.59,    15.00,  29.359928, -94.418068,   197.50,    84.64,    82.75,    18.00,   125.86,     1.22,   -20.45,     -0.008,   187.53,   6693.9,     9.48,     14.207,    23.10,    21.11,   0.002139,   0.006536,      -9999,   804.82,     57.958,    15.32,    306.947,      0.317,   934.3999,    11.8953,    17.4704,    20.2350,    9.33085,    67.94
52027,   6276.0,   211.36,    15.00,  29.360043, -94.417030,   197.51,    82.54,    81.03,    18.00,   125.86,     1.46,   -21.42,      0.013,   187.30,   6687.7,     9.47,     14.207,    23.99,    21.12,   0.002161,   0.006578,      -9999,   804.99,     57.916,    15.33,    306.938,      0.317,   934.3881,    11.8881,    17.4802,    20.2481,    9.32314,    67.79
52028,   6266.2,   211.25,    15.00,  29.360241, -94.416000,   197.64,    80.30,    79.11,    18.00,   125.19,     1.61,   -19.78,      0.030,   187.29,   6682.0,     9.44,     14.206,    23.48,    21.12,   0.002143,   0.006571,      -9999,   805.19,     57.818,    15.35,    306.935,      0.316,   935.0879,    11.8684,    17.5004,    20.2750,    9.30504,    67.59
52029,   6263.0,   211.22,    15.00,  29.360477, -94.414986,   197.99,    78.29,    76.72,    18.00,   124.49,     1.45,   -17.81,      0.019,   187.26,   6676.3,     9.42,     14.206,    23.38,    21.13,   0.002117,   0.006517,      -9999,   805.35,     57.723,    15.36,    306.933,      0.316,   936.1895,    11.8478,    17.5168,    20.2968,    9.28682,    67.62
52030,   6257.0,   211.02,    15.00,  29.360718, -94.414009,   197.88,    76.63,    74.86,    18.00,   123.79,     1.44,   -16.91,      0.016,   186.97,   6671.5,     9.39,     14.206,    23.04,    21.13,   0.002107,   0.006489,      -9999,   805.49,     57.653,    15.38,    306.930,      0.316,   936.2780,    11.8286,    17.5289,    20.3128,    9.26986,    67.39
52031,   6253.5,   210.71,    15.00,  29.361044, -94.412979,   197.87,    75.25,    73.48,    18.00,   123.08,     2.23,   -16.47,      0.078,   186.83,   6666.4,     9.37,     14.206,    23.69,    21.13,   0.002113,   0.006489,      -9999,   805.65,     57.461,    15.39,    306.930,      0.315,   936.0656,    11.8141,    17.5478,    20.3380,    9.25642,    67.33
52032,   6245.5,   210.44,    15.07,  29.361317, -94.411987,   197.75,    73.95,    71.81,    18.00,   122.38,     2.96,   -16.01,      0.093,   186.00,   6662.7,     9.39,     14.206,    23.53,    21.11,   0.002117,   0.006508,      -9999,   805.81,     57.241,    15.40,    306.920,      0.315,   936.5143,    11.8258,    17.5564,    20.3494,    9.26393,    67.45
52033,   6242.2,   210.02,    15.43,  29.361643, -94.410995,   197.73,    72.69,    70.14,    18.00,   122.34,     2.98,   -16.05,      0.041,   185.29,   6660.7,     9.41,     14.205,    23.36,    21.07,   0.002121,   0.006520,      -9999,   805.84,     56.873,    15.40,    306.912,      0.314,   937.7223,    11.8394,    17.5518,    20.3432,    9.27430,    67.54
52034,   6242.8,   209.33,    15.07,  29.361996, -94.410049,   197.23,    71.19,    68.46,    18.00,   121.68,     2.85,   -16.24,      0.008,   184.80,   6661.1,     9.42,     14.205,    23.55,    21.03,   0.002125,   0.006434,      -9999,   805.82,     56.461,    15.39,    306.908,      0.313,   937.8817,    11.8482,    17.5442,    20.3332,    9.28156,    67.62
52035,   6245.2,   208.66,    15.50,  29.362370, -94.409088,   196.86,    69.54,    66.63,    18.00,   121.64,     2.76,   -16.30,     -0.002,   184.39,   6663.4,     9.40,     14.205,    23.26,    20.93,   0.002129,   0.006308,      -9999,   805.80,     56.053,    15.34,    306.854,      0.311,   937.4711,    11.8371,    17.4841,    20.2533,    9.27305,    67.95
52036,   6249.0,   208.05,    15.43,  29.362774, -94.408157,   196.61,    67.92,    65.11,    18.00,   121.64,     2.73,   -16.40,     -0.004,   183.68,   6666.1,     9.40,     14.205,    23.88,    20.82,   0.002133,   0.006251,      -9999,   805.66,     55.724,    15.26,    306.784,      0.311,   936.7062,    11.8330,    17.3960,    20.1362,    9.27134,    68.06
52037,   6252.2,   207.56,    15.00,  29.363194, -94.407219,   196.24,    66.49,    63.82,    18.00,   120.97,     2.77,   -16.55,     -0.008,   183.14,   6669.3,     9.43,     14.205,    23.24,    20.75,   0.002139,   0.006269,      -9999,   805.56,     55.412,    15.21,    306.750,      0.310,   936.6678,    11.8553,    17.3472,    20.0714,    9.29034,    68.52
52038,   6256.8,   207.09,    15.00,  29.363613, -94.406342,   196.11,    65.21,    62.28,    18.00,   120.27,     2.84,   -16.62,     -0.007,   182.72,   6672.1,     9.55,     14.205,    23.43,    20.70,   0.002146,   0.006346,      -9999,   805.49,     55.040,    15.21,    306.749,      0.309,   936.7624,    11.9522,    17.3388,    20.0603,    9.36827,    69.23
