Flight_Tracks/discoveraq-tx/discoveraq-pds_p3b_20130918_r1.ict
66,  1001
Barrick J. / Aknan A.
NASA/LaRC
P3-B Data System (PDS)
NASA DISCOVER-AQ MISSION TEXAS 2013
1,  1
2013, 09, 18,  2014, 01,  31
1
UTC, Second, UTC_Start_Time
33
1, 1, 1, 1, 1, 1, 1, 1, 1, 1, 1, 1, 1, 1, 1, 1, 1, 1, 1, 1, 1, 1, 1, 1, 1, 1, 1, 1, 1, 1, 1, 1, 1
-9999, -9999, -9999,  -9999,  -9999,  -9999,  -9999,  -9999,  -9999,  -9999,  -9999,  -9999,  -9999, -9999,  -9999,  -9999,  -9999,  -9999,  -9999,  -9999, -9999,  -9999,  -9999,  -9999,  -9999,  -9999,  -9999,  -9999,  -9999,  -9999,  -9999,  -9999, -9999
FMS_ALT_PRES,  Feet,  Flight Managment System Pressure Altitude
FMS_TAS,  Knots, Flight Managment System True Air Speed
FMS_SAT,  DegC,  Flight Managment System Static Air Temp
FMS_LAT,  Degs,  Flight Managment System Latitude
FMS_LON,  Degs,  Flight Managment System Longitude
FMS_GRD_SPD,  Knots, Flight Managment System Ground Speed
FMS_HDG,  Degs,  Flight Managment System True Heading
FMS_TRK,  Degs,  FMS Track
FMS_WNS,  Knots, FMS Wind Speed
FMS_WND,  Degs,  FMS Wind Direction
IRS_PITCH,  Degs,  Inertial Reference System Pitch
IRS_ROLL,  Degs,  Inertial Reference System Roll
IRS_VERT_ACC,  G,  Inertial Reference System Vertical Acceleration
ADC_IAS,  Knots,  Aircraft Data Computer Indicated Air Speed
GPS_ALT, Feet, GPS Altitude
A_DewPoint,  DegC,  Analog Dewpoint
A_CabinPressure,  psi,  Analog Cabin Pressure
A_SurfTemp,  DegC,  Analog Surface Temp
A_TotalTemp,  DegC,  Analog Total Temp
A_JNO2_Nadir,  sec-1,  Analog JNO2 Nadir
A_JNO2_Zenith,  sec-1,  Analog JNO2 Zenith
A_RadarAlt, Feet, Analog Radar Altitude
C_StaticPressure,  Mb,  Calculated StaticPressure
C_DiffPressure,  Mb,  Calculated Difference Pressure
C_StatTempDegC,  DegC,  Calculated Static Temp
C_PotTempDegK,  DegK,   Calculated Potential Temp
C_MachNumber,  Mach,  Calculated Mach Number
C_CabAltitude,  Feet,  Calculated Cabin Altitude
C_VaporPresWater,  Mb,  Calculated Vapor Pressure W.R.T Water
C_SatVaporPresWater,  Mb,  Calculated Saturated Vapor Pressure W.R.T Water
C_SatVaporPresIce,  Mb,  Calculated Saturated Vapor Pressure W.R.T ICE
C_MixingRatio,  g/Kg,  Calculated Mixing Ratio
C_RelHumidity,  %,  Calculated Relatice Humidity
1
This is "Final Data"
18
PI_CONTACT_INFO: NASA LaRC MS 483, Hampton Va 23681; e-mail: ali.a.aknan@nasa.gov john.d.barrick@nasa.gov;
PLATFORM: NASA P3-B Aircraft
LOCATION:  included in data records
ASSOCIATED_DATA: N/A
INSTRUMENT_INFO: see http://discover-aq.larc.nasa.gov/pdf/pds.pdf
DATA_INFO: N/A
UNCERTAINTY: Nothing to report at this time
ULOD_FLAG: -7777
ULOD_VALUE: N/A;
LLOD_FLAG: -8888
LLOD_VALUE: N/A;
DM_CONTACT_INFO: ali.a.aknan@nasa.gov
PROJECT_INFO: N/A
STIPULATIONS_ON_USE: None
OTHER_COMMENTS: N/A
REVISION: R1
R1: Final Data
UTC, FMS_ALT_PRES, FMS_TAS, FMS_SAT, FMS_LAT, FMS_LON, FMS_GRD_SPD, FMS_HDG, FMS_TRK, FMS_WNS, FMS_WND, IRS_PITCH, IRS_ROLL, IRS_VERT_ACC, ADC_IAS, GPS_ALT, A_DewPoint, A_CabinPressure, A_SurfTemp, A_TotalTemp, A_JNO2_Nadir, A_JNO2_Zenith, A_RadarAlt, C_StaticPressure, C_DiffPressure, C_StatTempDegC, C_PotTempDegK, C_MachNumber, C_CabAltitude, C_VaporPresWater, C_SatVaporPresWater, C_SatVaporPresIce, C_MixingRatio, C_RelHumidity
[from data line 1837]
52346,   6533.2,   222.06,    14.50,  29.398483, -94.393333,   237.40,   330.57,   329.18,    19.00,   118.12,     0.21,   -20.18,      0.013,   196.96,   6964.8,     9.13,     14.174,    22.71,    21.23,   0.002606,   0.007682,      -9999,   797.12,     63.764,    14.83,    307.265,      0.333,   996.6722,    11.6208,    16.9240,    19.5108,    9.20172,    68.45
52347,   6529.8,   222.39,    14.50,  29.399384, -94.394020,   237.88,   328.40,   327.23,    19.00,   118.12,     0.12,   -20.23,     -0.012,   196.85,   6956.2,     9.08,     14.173,    22.87,    21.21,   0.002609,   0.007687,      -9999,   797.41,     63.966,    14.79,    307.195,      0.334,   998.8053,    11.5856,    16.8853,    19.4596,    9.16998,    68.84
52348,   6515.0,   222.49,    14.50,  29.400318, -94.394760,   238.00,   326.94,   325.66,    19.00,   117.46,     0.02,   -20.63,     -0.016,   196.68,   6947.7,     9.12,     14.173,    23.82,    21.20,   0.002618,   0.007684,      -9999,   797.61,     63.897,    14.79,    307.164,      0.334,   998.6041,    11.6166,    16.8754,    19.4465,    9.19257,    68.99
52349,   6505.5,   222.40,    14.50,  29.401175, -94.395523,   238.00,   325.23,   324.41,    18.98,   117.42,     0.24,   -22.27,     -0.005,   196.55,   6937.3,     9.23,     14.174,    23.38,    21.19,   0.002641,   0.007652,      -9999,   797.91,     63.733,    14.80,    307.143,      0.333,   998.4650,    11.7025,    16.8881,    19.4633,    9.25801,    69.63
52350,   6504.8,   222.13,    14.50,  29.402035, -94.396278,   237.99,   323.35,   322.73,    18.50,   116.75,     0.32,   -23.96,     -0.018,   196.09,   6927.6,     9.36,     14.174,    23.29,    21.20,   0.002667,   0.007612,      -9999,   798.13,     63.730,    14.81,    307.128,      0.333,   998.4503,    11.8052,    16.8978,    19.4761,    9.33784,    70.02
52351,   6491.5,   221.73,    14.50,  29.402889, -94.397072,   237.86,   321.38,   320.97,    18.50,   116.72,     0.59,   -25.09,      0.017,   195.57,   6916.7,     9.45,     14.173,    22.76,    21.21,   0.002676,   0.007609,      -9999,   798.43,     63.438,    14.85,    307.138,      0.332,   998.9533,    11.8742,    16.9417,    19.5342,    9.38972,    70.17
52352,   6478.0,   221.16,    14.50,  29.403738, -94.397919,   237.48,   318.84,   319.05,    18.50,   116.72,     1.38,   -24.96,      0.093,   194.93,   6905.5,     9.47,     14.173,    19.99,    21.20,   0.002663,   0.007678,      -9999,   798.70,     63.152,    14.87,    307.134,      0.332,   998.8169,    11.8906,    16.9687,    19.5698,    9.39959,    70.07
52353,   6461.5,   220.54,    14.50,  29.404501, -94.398834,   236.97,   316.13,   316.56,    18.50,   116.05,     1.84,   -25.20,      0.096,   194.16,   6896.4,     9.45,     14.173,    21.15,    21.19,   0.002659,   0.007722,      -9999,   799.19,     62.571,    14.91,    307.127,      0.330,   999.8112,    11.8712,    17.0166,    19.6332,    9.37815,    69.62
52354,   6457.0,   219.90,    14.57,  29.405247, -94.399734,   236.33,   313.61,   314.34,    18.50,   116.02,     2.06,   -26.78,      0.047,   193.30,   6890.0,     9.38,     14.172,    22.92,    21.15,   0.002677,   0.007717,      -9999,   799.31,     62.102,    14.92,    307.124,      0.329,  1001.6724,    11.8206,    17.0267,    19.6466,    9.33619,    69.28
52355,   6452.5,   218.85,    15.00,  29.405970, -94.400681,   235.46,   311.24,   312.46,    18.50,   116.68,     2.33,   -28.35,      0.024,   192.28,   6884.9,     9.34,     14.172,    22.84,    21.10,   0.002694,   0.007701,      -9999,   799.50,     61.429,    14.94,    307.118,      0.327,  1001.1014,    11.7863,    17.0424,    19.6674,    9.30644,    68.85
52356,   6454.8,   217.88,    15.00,  29.406677, -94.401649,   234.69,   308.57,   310.09,    18.48,   116.72,     2.70,   -28.40,      0.036,   191.33,   6882.5,     9.30,     14.172,    23.43,    21.05,   0.002684,   0.007609,      -9999,   799.58,     60.837,    14.95,    307.119,      0.325,  1001.8024,    11.7556,    17.0517,    19.6797,    9.28101,    68.75
52357,   6452.2,   217.00,    14.93,  29.407309, -94.402649,   233.57,   305.82,   307.67,    18.00,   116.72,     2.64,   -28.03,      0.013,   190.32,   6882.0,     9.30,     14.172,    22.44,    20.98,   0.002662,   0.007469,      -9999,   799.63,     60.169,    14.95,    307.118,      0.324,  1001.8618,    11.7560,    17.0563,    19.6858,    9.28072,    68.91
52358,   6449.5,   215.77,    14.57,  29.407913, -94.403671,   232.43,   303.11,   305.19,    18.00,   117.39,     2.40,   -28.15,     -0.019,   189.27,   6882.5,     9.32,     14.172,    23.09,    20.90,   0.002639,   0.007438,      -9999,   799.68,     59.433,    14.94,    307.098,      0.322,  1001.7316,    11.7710,    17.0419,    19.6666,    9.29210,    69.30
52359,   6449.8,   214.66,    15.00,  29.408487, -94.404709,   231.07,   300.55,   302.31,    17.98,   116.75,     2.26,   -28.59,     -0.033,   188.36,   6882.6,     9.39,     14.172,    23.65,    20.84,   0.002626,   0.007283,      -9999,   799.60,     58.867,    14.93,    307.099,      0.320,  1001.7225,    11.8269,    17.0332,    19.6553,    9.33790,    69.78
52360,   6446.2,   213.62,    15.00,  29.408981, -94.405807,   229.95,   298.00,   299.96,    17.50,   116.72,     2.62,   -29.04,     -0.002,   187.27,   6882.2,     9.46,     14.172,    23.46,    20.78,   0.002575,   0.007164,      -9999,   799.56,     58.285,    14.93,    307.107,      0.319,  1000.9533,    11.8832,    17.0372,    19.6604,    9.38339,    69.82
52361,   6451.0,   212.34,    15.00,  29.409430, -94.406891,   228.94,   295.25,   298.00,    17.50,   117.39,     3.00,   -29.33,      0.012,   186.14,   6881.1,     9.46,     14.172,    22.63,    20.76,   0.002522,   0.007284,      -9999,   799.62,     57.527,    14.98,    307.150,      0.317,  1001.3320,    11.8791,    17.0883,    19.7281,    9.37946,    69.40
52362,   6448.5,   211.29,    15.00,  29.409882, -94.407967,   227.81,   292.48,   295.49,    17.50,   117.42,     2.96,   -29.38,     -0.004,   185.05,   6879.6,     9.39,     14.172,    22.44,    20.73,   0.002533,   0.007473,      -9999,   799.64,     56.815,    15.03,    307.197,      0.315,  1002.0747,    11.8266,    17.1392,    19.7955,    9.33715,    68.77
52363,   6448.5,   210.26,    15.00,  29.410259, -94.409103,   226.44,   289.63,   292.85,    17.50,   118.09,     2.60,   -29.25,     -0.032,   184.20,   6877.7,     9.30,     14.171,    22.96,    20.69,   0.002543,   0.007613,      -9999,   799.65,     56.200,    15.04,    307.213,      0.313,  1003.1312,    11.7515,    17.1565,    19.8185,    9.27684,    68.50
52364,   6448.2,   209.10,    15.00,  29.410625, -94.410233,   225.32,   286.84,   290.24,    17.50,   118.12,     2.16,   -29.11,     -0.055,   183.51,   6875.9,     9.23,     14.172,    21.82,    20.64,   0.002554,   0.007371,      -9999,   799.60,     55.723,    15.04,    307.214,      0.312,  1002.0687,    11.7027,    17.1520,    19.8125,    9.23835,    68.15
52365,   6445.8,   208.12,    15.00,  29.410879, -94.411354,   224.20,   284.13,   287.28,    17.50,   118.12,     1.96,   -28.86,     -0.041,   182.88,   6873.8,     9.22,     14.172,    21.60,    20.60,   0.002599,   0.007241,      -9999,   799.67,     55.231,    15.05,    307.216,      0.310,  1001.9949,    11.6897,    17.1621,    19.8259,    9.22710,    68.05
52366,   6444.2,   207.29,    15.00,  29.411123, -94.412521,   223.22,   281.48,   284.89,    17.48,   118.12,     1.91,   -28.00,     -0.037,   182.23,   6870.2,     9.23,     14.172,    21.22,    20.58,   0.002585,   0.007098,      -9999,   799.76,     54.884,    15.06,    307.222,      0.309,  1001.8351,    11.6972,    17.1783,    19.8474,    9.23206,    68.04
52367,   6436.5,   206.70,    15.00,  29.411320, -94.413696,   222.59,   279.18,   282.89,    17.00,   118.79,     1.64,   -27.06,     -0.031,   181.99,   6864.4,     9.24,     14.171,    22.95,    20.54,   0.002569,   0.006747,      -9999,   799.90,     54.584,    15.05,    307.196,      0.309,  1002.6637,    11.7067,    17.1679,    19.8337,    9.23798,    68.02
52368,   6431.0,   205.98,    15.00,  29.411509, -94.414848,   221.96,   276.63,   280.48,    17.00,   118.83,     1.88,   -26.07,      0.005,   181.71,   6858.1,     9.25,     14.171,    22.79,    20.51,   0.002547,   0.007044,      -9999,   800.14,     54.281,    15.05,    307.168,      0.308,  1002.5186,    11.7135,    17.1663,    19.8315,    9.24065,    68.38
52369,   6426.2,   205.48,    14.93,  29.411600, -94.416000,   221.22,   274.14,   278.19,    17.00,   118.83,     1.59,   -25.18,     -0.023,   181.37,   6851.6,     9.27,     14.171,    23.07,    20.47,   0.002529,   0.007472,      -9999,   800.26,     54.194,    15.02,    307.125,      0.307,  1002.7287,    11.7341,    17.1350,    19.7900,    9.25572,    68.78
52370,   6425.0,   205.32,    14.57,  29.411743, -94.417183,   220.59,   271.94,   275.85,    17.00,   118.83,     1.31,   -24.44,     -0.015,   180.85,   6844.8,     9.38,     14.171,    21.02,    20.42,   0.002512,   0.007470,      -9999,   800.43,     54.037,    14.99,    307.073,      0.307,  1002.7640,    11.8158,    17.0997,    19.7433,    9.31914,    69.25
52371,   6419.0,   204.89,    15.00,  29.411774, -94.418320,   219.85,   269.50,   273.28,    17.00,   118.83,     2.01,   -23.77,      0.037,   180.58,   6837.6,     9.50,     14.171,    20.54,    20.41,   0.002488,   0.007059,      -9999,   800.71,     53.725,    15.01,    307.064,      0.306,  1002.6073,    11.9174,    17.1231,    19.7742,    9.39712,    69.85
52372,   6408.8,   204.19,    15.00,  29.411774, -94.419479,   219.35,   267.37,   271.14,    17.00,   118.16,     1.95,   -23.02,      0.005,   179.96,   6830.2,     9.59,     14.171,    21.00,    20.38,   0.002468,   0.006831,      -9999,   800.84,     53.535,    15.00,    307.038,      0.305,  1003.6253,    11.9888,    17.1115,    19.7588,    9.45273,    70.34
52373,   6398.5,   203.77,    15.00,  29.411713, -94.420700,   218.84,   265.44,   269.42,    17.00,   118.12,     1.74,   -21.07,     -0.015,   179.54,   6822.1,     9.63,     14.171,    22.21,    20.35,   0.002440,   0.006832,      -9999,   801.05,     53.185,    15.01,    307.021,      0.304,  1003.6460,    12.0206,    17.1178,    19.7672,    9.47561,    70.18
52374,   6392.2,   203.13,    15.00,  29.411600, -94.421822,   218.23,   263.50,   267.45,    17.00,   118.12,     1.07,   -18.49,     -0.053,   179.39,   6815.0,     9.67,     14.171,    18.98,    20.35,   0.002415,   0.006880,      -9999,   801.29,     52.939,    15.03,    307.019,      0.304,  1004.0159,    12.0546,    17.1428,    19.8003,    9.49998,    70.27
52375,   6385.8,   202.78,    15.00,  29.411556, -94.422958,   217.73,   261.86,   265.71,    17.00,   117.46,     0.17,   -17.03,     -0.093,   179.47,   6806.5,     9.70,     14.171,    19.74,    20.35,   0.002398,   0.006838,      -9999,   801.44,     52.812,    15.04,    307.018,      0.303,  1003.4092,    12.0790,    17.1584,    19.8211,    9.51764,    70.34
52376,   6384.0,   202.62,    15.00,  29.411434, -94.424118,   217.36,   260.41,   264.21,    17.00,   117.42,    -0.03,   -14.97,     -0.064,   179.52,   6796.5,     9.71,     14.171,    22.89,    20.37,   0.002374,   0.006557,      -9999,   801.70,     52.826,    15.07,    307.019,      0.303,  1002.4474,    12.0857,    17.1881,    19.8604,    9.51998,    70.33
52377,   6375.8,   202.58,    15.00,  29.411282, -94.425255,   217.00,   259.40,   262.69,    17.00,   116.75,    -0.54,   -13.22,     -0.068,   179.77,   6785.5,     9.69,     14.172,    22.95,    20.40,   0.002359,   0.006516,      -9999,   802.02,     52.892,    15.10,    307.011,      0.303,  1001.2848,    12.0675,    17.2169,    19.8986,    9.50149,    70.00
52378,   6364.0,   202.71,    15.00,  29.411121, -94.426369,   217.00,   258.57,   261.57,    17.00,   116.72,    -0.69,   -11.85,     -0.044,   180.15,   6772.1,     9.68,     14.172,    23.17,    20.46,   0.002344,   0.006650,      -9999,   802.35,     53.160,    15.13,    307.007,      0.304,  1001.5510,    12.0557,    17.2500,    19.9424,    9.48817,    69.87
52379,   6346.0,   202.87,    15.00,  29.410955, -94.427475,   217.01,   257.62,   260.77,    17.00,   116.05,    -0.87,   -10.36,     -0.034,   180.52,   6754.0,     9.65,     14.172,    22.78,    20.52,   0.002329,   0.006468,      -9999,   802.85,     53.367,    15.17,    306.995,      0.305,  1000.7581,    12.0320,    17.2949,    20.0019,    9.46316,    69.30
52380,   6328.2,   203.25,    15.00,  29.410786, -94.428635,   217.14,   256.61,   259.85,    17.00,   115.35,    -1.21,    -7.73,     -0.028,   180.90,   6736.6,     9.62,     14.172,    22.88,    20.58,   0.002316,   0.006236,      -9999,   803.33,     53.608,    15.21,    306.991,      0.305,  1001.4090,    12.0099,    17.3455,    20.0692,    9.43983,    69.18
52381,   6309.0,   203.69,    15.00,  29.410593, -94.429771,   217.39,   255.73,   259.08,    17.00,   115.31,    -1.15,    -5.49,      0.010,   181.43,   6719.2,     9.59,     14.172,    22.62,    20.64,   0.002291,   0.006144,      -9999,   803.87,     53.902,    15.24,    306.962,      0.306,  1000.6930,    11.9865,    17.3776,    20.1118,    9.41471,    68.80
52382,   6292.0,   204.12,    15.00,  29.410355, -94.430885,   217.65,   255.22,   258.55,    17.00,   115.31,    -1.01,    -4.79,      0.018,   181.92,   6700.6,     9.51,     14.172,    22.89,    20.71,   0.002272,   0.006168,      -9999,   804.39,     54.243,    15.28,    306.945,      0.307,  1002.2760,    11.9227,    17.4193,    20.1672,    9.35768,    68.19
52383,   6272.2,   204.48,    15.00,  29.410151, -94.432007,   218.14,   255.11,   257.99,    17.00,   115.31,    -1.22,    -4.61,     -0.013,   182.32,   6682.8,     9.43,     14.171,    23.26,    20.75,   0.002263,   0.006077,      -9999,   804.95,     54.474,    15.31,    306.916,      0.307,  1003.1075,    11.8621,    17.4521,    20.2108,    9.30289,    67.75
52384,   6255.0,   204.83,    15.00,  29.409948, -94.433159,   218.51,   255.16,   257.64,    17.00,   114.64,    -1.39,    -3.75,     -0.017,   182.76,   6665.1,     9.42,     14.171,    22.96,    20.82,   0.002253,   0.005900,      -9999,   805.52,     54.725,    15.35,    306.903,      0.308,  1002.5720,    11.8505,    17.5040,    20.2798,    9.28699,    67.70
52385,   6236.8,   205.40,    15.00,  29.409719, -94.434296,   218.65,   255.05,   257.38,    17.00,   113.94,    -1.55,    -2.55,     -0.016,   183.11,   6643.6,     9.45,     14.171,    22.44,    20.88,   0.002246,   0.006024,      -9999,   806.06,     55.054,    15.38,    306.876,      0.309,  1002.4950,    11.8718,    17.5387,    20.3259,    9.29749,    67.78
52386,   6214.0,   205.93,    15.00,  29.409481, -94.435440,   219.15,   254.66,   257.16,    17.00,   113.24,    -1.74,    -1.46,     -0.018,   183.87,   6623.9,     9.49,     14.172,    22.80,    20.95,   0.002242,   0.006180,      -9999,   806.62,     55.369,    15.43,    306.863,      0.309,  1001.5599,    11.9092,    17.5890,    20.3927,    9.32072,    67.54
52387,   6196.8,   206.33,    15.00,  29.409277, -94.436516,   219.66,   254.36,   257.03,    17.00,   113.20,    -2.01,    -0.62,     -0.038,   184.31,   6603.0,     9.55,     14.172,    23.20,    21.04,   0.002239,   0.006315,      -9999,   807.20,     55.702,    15.48,    306.859,      0.310,  1002.0778,    11.9514,    17.6513,    20.4756,    9.34747,    67.72
