Flight_Tracks/discoveraq-tx/discoveraq-pds_p3b_20130918_r1.ict
66,  1001
Barrick J. / Aknan A.
NASA/LaRC
P3-B Data System (PDS)
NASA DISCOVER-AQ MISSION TEXAS 2013
1,  1
2013, 09, 18,  2014, 01,  31
1
UTC, Second, UTC_Start_Time
33
1, 1, 1, 1, 1, 1, 1, 1, 1, 1, 1, 1, 1, 1, 1, 1, 1, 1, 1, 1, 1, 1, 1, 1, 1, 1, 1, 1, 1, 1, 1, 1, 1
-9999, -9999, -9999,  -9999,  -9999,  -9999,  -9999,  -9999,  -9999,  -9999,  -9999,  -9999,  -9999, -9999,  -9999,  -9999,  -9999,  -9999,  -9999,  -9999, -9999,  -9999,  -9999,  -9999,  -9999,  -9999,  -9999,  -9999,  -9999,  -9999,  -9999,  -9999, -9999
FMS_ALT_PRES,  Feet,  Flight Managment System Pressure Altitude
FMS_TAS,  Knots, Flight Managment System True Air Speed
FMS_SAT,  DegC,  Flight Managment System Static Air Temp
FMS_LAT,  Degs,  Flight Managment System Latitude
FMS_LON,  Degs,  Flight Managment System Longitude
FMS_GRD_SPD,  Knots, Flight Managment System Ground Speed
FMS_HDG,  Degs,  Flight Managment System True Heading
FMS_TRK,  Degs,  FMS Track
FMS_WNS,  Knots, FMS Wind Speed
FMS_WND,  Degs,  FMS Wind Direction
IRS_PITCH,  Degs,  Inertial Reference System Pitch
IRS_ROLL,  Degs,  Inertial Reference System Roll
IRS_VERT_ACC,  G,  Inertial Reference System Vertical Acceleration
ADC_IAS,  Knots,  Aircraft Data Computer Indicated Air Speed
GPS_ALT, Feet, GPS Altitude
A_DewPoint,  DegC,  Analog Dewpoint
A_CabinPressure,  psi,  Analog Cabin Pressure
A_SurfTemp,  DegC,  Analog Surface Temp
A_TotalTemp,  DegC,  Analog Total Temp
A_JNO2_Nadir,  sec-1,  Analog JNO2 Nadir
A_JNO2_Zenith,  sec-1,  Analog JNO2 Zenith
A_RadarAlt, Feet, Analog Radar Altitude
C_StaticPressure,  Mb,  Calculated StaticPressure
C_DiffPressure,  Mb,  Calculated Difference Pressure
C_StatTempDegC,  DegC,  Calculated Static Temp
C_PotTempDegK,  DegK,   Calculated Potential Temp
C_MachNumber,  Mach,  Calculated Mach Number
C_CabAltitude,  Feet,  Calculated Cabin Altitude
C_VaporPresWater,  Mb,  Calculated Vapor Pressure W.R.T Water
C_SatVaporPresWater,  Mb,  Calculated Saturated Vapor Pressure W.R.T Water
C_SatVaporPresIce,  Mb,  Calculated Saturated Vapor Pressure W.R.T ICE
C_MixingRatio,  g/Kg,  Calculated Mixing Ratio
C_RelHumidity,  %,  Calculated Relatice Humidity
1
This is "Final Data"
18
PI_CONTACT_INFO: NASA LaRC MS 483, Hampton Va 23681; e-mail: ali.a.aknan@nasa.gov john.d.barrick@nasa.gov;
PLATFORM: NASA P3-B Aircraft
LOCATION:  included in data records
ASSOCIATED_DATA: N/A
INSTRUMENT_INFO: see http://discover-aq.larc.nasa.gov/pdf/pds.pdf
DATA_INFO: N/A
UNCERTAINTY: Nothing to report at this time
ULOD_FLAG: -7777
ULOD_VALUE: N/A;
LLOD_FLAG: -8888
LLOD_VALUE: N/A;
DM_CONTACT_INFO: ali.a.aknan@nasa.gov
PROJECT_INFO: N/A
STIPULATIONS_ON_USE: None
OTHER_COMMENTS: N/A
REVISION: R1
R1: Final Data
UTC, FMS_ALT_PRES, FMS_TAS, FMS_SAT, FMS_LAT, FMS_LON, FMS_GRD_SPD, FMS_HDG, FMS_TRK, FMS_WNS, FMS_WND, IRS_PITCH, IRS_ROLL, IRS_VERT_ACC, ADC_IAS, GPS_ALT, A_DewPoint, A_CabinPressure, A_SurfTemp, A_TotalTemp, A_JNO2_Nadir, A_JNO2_Zenith, A_RadarAlt, C_StaticPressure, C_DiffPressure, C_StatTempDegC, C_PotTempDegK, C_MachNumber, C_CabAltitude, C_VaporPresWater, C_SatVaporPresWater, C_SatVaporPresIce, C_MixingRatio, C_RelHumidity
[from data line 2667]
53176,   1010.5,   148.89,    25.50,  29.512302, -95.157829,   158.25,   333.03,   326.04,    17.50,    85.08,     3.26,    11.68,      0.063,   143.77,   1138.4,    23.22,     14.331,    28.27,    28.31,   0.000653,   0.005910,   1115.000,   977.52,     33.487,    25.42,    300.526,      0.220,   695.0104,    28.5946,    32.6196,    41.5377,   18.74257,    87.97
53177,   1015.8,   148.66,    25.42,  29.512936, -95.158279,   158.24,   335.04,   327.07,    17.50,    85.75,     3.26,    11.00,      0.052,   144.87,   1136.6,    23.39,     14.330,    29.67,    28.37,   0.000643,   0.005893,   1115.000,   977.55,     33.416,    25.49,    300.594,      0.220,   695.5353,    28.8863,    32.7560,    41.7385,   18.93901,    88.29
53178,   1007.5,   149.08,    25.00,  29.513554, -95.158714,   158.13,   336.03,   328.43,    17.52,    85.78,     2.74,    11.17,     -0.004,   145.41,   1136.8,    23.34,     14.328,    27.84,    28.32,   0.000644,   0.005835,   1119.000,   977.63,     34.262,    25.36,    300.460,      0.222,   699.6877,    28.7922,    32.5128,    41.3805,   18.87370,    88.27
53179,   1007.8,   150.41,    25.00,  29.514185, -95.159103,   158.26,   336.48,   329.72,    18.00,    85.78,     1.92,    13.36,     -0.035,   145.33,   1138.7,    23.28,     14.326,    28.28,    28.33,   0.000670,   0.005695,   1129.000,   977.41,     34.443,    25.36,    300.474,      0.223,   703.5034,    28.6907,    32.5014,    41.3638,   18.80957,    88.53
53180,   1018.0,   151.29,    25.00,  29.514853, -95.159515,   158.39,   337.80,   331.13,    17.98,    86.45,     1.83,    16.11,     -0.062,   146.63,   1139.9,    23.26,     14.325,    31.89,    28.32,   0.000704,   0.005732,   1127.000,   977.32,     34.334,    25.36,    300.480,      0.223,   706.6685,    28.6619,    32.4972,    41.3575,   18.79197,    88.33
53181,   1020.2,   151.35,    25.00,  29.515491, -95.159866,   158.76,   340.01,   332.97,    17.50,    86.48,     1.44,    17.41,     -0.059,   146.62,   1140.6,    23.31,     14.324,    28.87,    28.29,   0.000720,   0.005692,   1119.000,   977.31,     34.932,    25.28,    300.407,      0.225,   708.5986,    28.7502,    32.3552,    41.1486,   18.85185,    89.14
53182,   1018.5,   152.27,    25.00,  29.516180, -95.160225,   158.88,   342.74,   334.72,    17.50,    87.15,     1.57,    17.00,     -0.015,   146.41,   1139.4,    23.38,     14.324,    29.44,    28.38,   0.000711,   0.005673,   1120.000,   977.26,     35.127,    25.35,    300.479,      0.225,   708.0499,    28.8757,    32.4871,    41.3427,   18.93753,    88.55
53183,   1011.2,   152.38,    25.00,  29.516861, -95.160545,   159.01,   345.63,   336.24,    17.52,    87.19,     1.76,    16.44,     -0.020,   146.18,   1136.0,    23.31,     14.325,    29.92,    28.47,   0.000702,   0.005638,   1119.000,   977.44,     34.868,    25.46,    300.576,      0.224,   706.4513,    28.7414,    32.7048,    41.6632,   18.84319,    87.53
53184,   1009.0,   152.38,    25.00,  29.517559, -95.160881,   159.13,   347.88,   338.21,    18.02,    87.19,     1.41,    16.27,     -0.019,   146.51,   1131.9,    23.14,     14.326,    28.49,    28.57,   0.000699,   0.005604,   1114.000,   977.55,     34.759,    25.57,    300.675,      0.224,   704.5007,    28.4581,    32.9135,    41.9708,   18.64984,    85.60
53185,   1002.2,   152.07,    25.00,  29.518255, -95.161125,   159.25,   349.74,   340.15,    18.52,    87.86,     1.39,    15.93,      0.001,   147.04,   1127.4,    22.97,     14.327,    27.15,    28.66,   0.000697,   0.005583,   1109.000,   977.64,     34.968,    25.64,    300.737,      0.225,   701.3448,    28.1695,    33.0483,    42.1695,   18.45337,    84.93
53186,    998.5,   152.21,    25.00,  29.518961, -95.161385,   159.26,   351.14,   342.09,    19.00,    88.56,     1.60,    14.66,      0.029,   147.52,   1123.2,    22.77,     14.330,    28.08,    28.61,   0.000687,   0.005579,   1101.000,   977.84,     35.315,    25.57,    300.644,      0.226,   697.0425,    27.8246,    32.9025,    41.9546,   18.21698,    83.76
53187,    992.8,   152.77,    25.08,  29.519669, -95.161575,   159.39,   352.20,   344.27,    19.00,    89.26,     1.86,    13.07,      0.038,   148.39,   1118.8,    22.61,     14.331,    31.02,    28.54,   0.000677,   0.005579,   1102.000,   977.98,     35.292,    25.50,    300.562,      0.226,   694.0338,    27.5606,    32.7682,    41.7566,   18.03640,    84.20
53188,    985.0,   153.36,    25.50,  29.520386, -95.161797,   159.64,   352.83,   345.95,    19.00,    89.96,     1.27,    11.26,     -0.040,   149.67,   1115.3,    22.80,     14.332,    29.24,    28.59,   0.000669,   0.005556,   1099.000,   978.12,     35.934,    25.50,    300.549,      0.228,   692.6822,    27.8759,    32.7662,    41.7536,   18.24612,    85.83
53189,    995.8,   154.18,    25.50,  29.521143, -95.161934,   159.89,   353.72,   347.10,    18.98,    90.67,     0.57,    10.09,     -0.044,   148.49,   1111.8,    23.12,     14.332,    30.85,    28.63,   0.000668,   0.005524,   1095.000,   978.14,     36.449,    25.49,    300.539,      0.229,   691.6559,    28.4251,    32.7510,    41.7313,   18.61592,    87.08
53190,    994.8,   155.27,    25.42,  29.521887, -95.162125,   160.27,   355.27,   348.32,    18.50,    90.70,     0.46,    10.11,     -0.024,   150.25,   1108.3,    23.21,     14.333,    29.65,    28.62,   0.000674,   0.005451,   1087.000,   978.30,     36.519,    25.48,    300.518,      0.229,   689.8440,    28.5793,    32.7379,    41.7120,   18.71674,    87.34
53191,    988.5,   155.90,    25.08,  29.522614, -95.162247,   160.77,   357.29,   349.43,    18.50,    91.37,     0.76,    11.27,      0.049,   152.25,   1103.5,    23.26,     14.334,    31.22,    28.65,   0.000681,   0.005385,   1076.000,   978.50,     36.888,    25.47,    300.495,      0.231,   687.8093,    28.6621,    32.7266,    41.6953,   18.76867,    88.32
53192,    973.5,   156.71,    25.50,  29.523350, -95.162361,   161.16,   359.07,   350.68,    18.50,    92.07,     0.07,    11.33,     -0.044,   150.30,   1097.4,    23.46,     14.335,    31.50,    28.65,   0.000676,   0.005333,   1079.000,   978.74,     37.505,    25.43,    300.426,      0.232,   687.7097,    29.0072,    32.6339,    41.5588,   18.99677,    88.86
53193,    966.0,   156.62,    25.42,  29.524097, -95.162544,   161.76,     0.46,   352.37,    18.52,    92.78,    -0.30,     9.83,     -0.056,   153.04,   1092.9,    23.62,     14.334,    28.86,    28.80,   0.000654,   0.005322,   1070.000,   978.89,     37.347,    25.58,    300.571,      0.232,   688.6917,    29.2948,    32.9386,    42.0077,   19.18800,    89.16
53194,    962.0,   157.56,    25.00,  29.524851, -95.162567,   162.01,     1.43,   353.54,    19.00,    93.48,    -0.47,     7.93,     -0.022,   153.94,   1087.7,    23.55,     14.334,    33.27,    28.80,   0.000631,   0.005333,   1057.000,   979.11,     38.390,    25.50,    300.471,      0.235,   687.9617,    29.1733,    32.7839,    41.7797,   19.10142,    88.66
53195,    955.8,   159.12,    25.08,  29.525604, -95.162659,   162.28,     2.36,   354.51,    19.00,    93.52,    -0.58,     6.67,     -0.036,   155.39,   1079.4,    23.46,     14.335,    30.49,    28.79,   0.000613,   0.005274,   1049.000,   979.32,     39.042,    25.44,    300.387,      0.237,   685.9535,    29.0082,    32.6562,    41.5916,   18.98594,    88.88
53196,    949.5,   160.30,    25.42,  29.526361, -95.162712,   162.90,     3.16,   355.47,    19.00,    93.52,    -0.29,     5.82,     -0.001,   155.75,   1070.5,    23.52,     14.337,    30.04,    28.87,   0.000597,   0.005224,   1043.000,   979.63,     39.537,    25.47,    300.396,      0.238,   683.5645,    29.1197,    32.7263,    41.6948,   19.05494,    89.25
53197,    941.2,   161.03,    25.00,  29.527134, -95.162712,   163.39,     3.82,   356.30,    19.00,    94.18,     0.02,     4.72,      0.008,   155.47,   1060.7,    23.64,     14.338,    32.83,    28.95,   0.000582,   0.005200,   1031.000,   979.96,     39.626,    25.55,    300.438,      0.239,   680.5189,    29.3276,    32.8644,    41.8984,   19.18856,    88.41
53198,    933.0,   161.76,    25.00,  29.527874, -95.162720,   163.77,     4.38,   357.00,    19.00,    94.22,     0.15,     2.99,      0.059,   157.83,   1051.7,    23.58,     14.341,    30.15,    29.03,   0.000575,   0.005077,   1022.000,   980.22,     40.146,    25.58,    300.450,      0.240,   675.7592,    29.2211,    32.9330,    41.9995,   19.11135,    88.53
53199,    928.0,   163.11,    25.08,  29.528656, -95.162872,   164.14,     4.75,   357.69,    19.00,    94.22,    -0.09,     1.29,     -0.022,   158.87,   1043.4,    23.54,     14.342,    31.70,    29.03,   0.000573,   0.004806,   1018.000,   980.59,     40.974,    25.51,    300.352,      0.243,   673.7576,    29.1435,    32.8033,    41.8084,   19.05171,    89.02
53200,    913.5,   164.54,    25.50,  29.529425, -95.162872,   164.51,     4.88,   358.08,    19.00,    94.22,    -0.60,     2.20,     -0.034,   161.25,   1036.2,    23.63,     14.343,    30.97,    29.10,   0.000561,   0.004149,   1010.000,   980.91,     41.213,    25.56,    300.373,      0.243,   671.7384,    29.3036,    32.8995,    41.9501,   19.15309,    89.26
53201,    911.2,   165.33,    25.50,  29.530186, -95.162872,   164.60,     5.12,   358.31,    19.00,    93.55,    -0.70,     3.31,     -0.005,   161.61,   1027.0,    23.70,     14.343,    28.84,    29.09,   0.000549,   0.004028,   1002.000,   981.18,     42.620,    25.44,    300.227,      0.247,   670.7949,    29.4385,    32.6613,    41.5991,   19.23865,    90.71
53202,    903.0,   166.46,    25.50,  29.530920, -95.162872,   164.11,     5.93,   358.71,    19.00,    92.85,    -0.36,     4.75,      0.008,   159.46,   1018.2,    23.80,     14.344,    27.44,    29.02,   0.000540,   0.004868,    987.000,   981.48,     42.453,    25.39,    300.145,      0.247,   670.3818,    29.6043,    32.5554,    41.4432,   19.34422,    90.29
53203,    890.2,   166.12,    25.50,  29.531687, -95.162872,   163.74,     7.09,   359.24,    19.02,    92.14,    -0.28,     6.28,      0.011,   159.31,   1009.6,    23.86,     14.344,    29.57,    29.09,   0.000538,   0.004929,    983.000,   981.77,     41.488,    25.54,    300.275,      0.244,   670.1503,    29.7222,    32.8552,    41.8847,   19.41770,    90.43
53204,    881.0,   165.33,    25.50,  29.532450, -95.162872,   163.48,     7.99,   359.91,    19.50,    92.11,    -0.44,     4.97,      0.025,   158.45,   1000.5,    23.86,     14.344,    28.46,    29.11,   0.000534,   0.004938,    975.000,   982.10,     41.427,    25.57,    300.273,      0.244,   669.1541,    29.7142,    32.9072,    41.9614,   19.40563,    90.44
53205,    875.2,   164.97,    25.50,  29.533218, -95.162872,   162.99,     8.03,     0.77,    19.50,    91.44,    -0.83,     1.76,     -0.044,   157.36,    992.5,    23.87,     14.344,    28.14,    29.04,   0.000543,   0.004900,    967.000,   982.35,     41.252,    25.51,    300.195,      0.243,   670.0713,    29.7320,    32.7980,    41.8004,   19.41247,    91.09
53206,    871.0,   164.37,    25.50,  29.533970, -95.162872,   162.74,     7.34,     1.29,    19.48,    91.41,    -1.05,    -0.04,     -0.073,   157.85,    984.9,    23.95,     14.344,    29.08,    29.02,   0.000554,   0.004872,    957.000,   982.47,     40.824,    25.53,    300.202,      0.242,   669.0251,    29.8696,    32.8324,    41.8511,   19.50274,    90.79
53207,    861.0,   164.00,    25.50,  29.534718, -95.162842,   162.49,     6.58,     1.49,    19.00,    91.41,    -1.18,    -0.78,     -0.073,   157.74,    974.5,    23.94,     14.346,    26.96,    29.06,   0.000557,   0.004861,    947.000,   982.82,     41.015,    25.55,    300.189,      0.242,   666.2914,    29.8636,    32.8663,    41.9011,   19.49140,    91.03
53208,    846.0,   163.85,    25.50,  29.535467, -95.162712,   162.38,     6.20,     1.45,    18.98,    90.74,    -1.21,     0.06,     -0.049,   156.83,    962.9,    23.91,     14.349,    28.97,    29.07,   0.000544,   0.004838,    924.000,   983.20,     40.689,    25.59,    300.202,      0.241,   660.6813,    29.8027,    32.9556,    42.0329,   19.44278,    90.32
53209,    836.8,   162.99,    25.50,  29.536228, -95.162712,   162.37,     6.41,     1.40,    18.48,    90.70,    -0.76,     1.24,      0.003,   157.14,    948.9,    23.89,     14.354,    25.06,    29.17,   0.000520,   0.004837,    911.000,   983.62,     40.441,    25.71,    300.280,      0.241,   651.0421,    29.7785,    33.1805,    42.3647,   19.41786,    89.43
53210,    824.5,   162.89,    25.50,  29.536991, -95.162712,   162.25,     7.12,     1.37,    18.00,    90.70,    -0.79,     1.84,      0.007,   157.36,    934.3,    23.85,     14.358,    27.80,    29.23,   0.000503,   0.004815,    897.000,   984.20,     40.337,    25.78,    300.304,      0.240,   643.0862,    29.6980,    33.3279,    42.5825,   19.35199,    88.53
53211,    806.8,   162.74,    25.50,  29.537739, -95.162712,   162.24,     7.80,     1.55,    18.00,    90.70,    -1.03,     1.21,      0.017,   159.35,    920.1,    23.74,     14.362,    27.17,    29.37,   0.000492,   0.004774,    881.000,   984.66,     40.726,    25.88,    300.369,      0.241,   634.4823,    29.5052,    33.5323,    42.8846,   19.21334,    88.17
53212,    796.0,   163.48,    25.50,  29.538477, -95.162712,   162.12,     7.94,     1.76,    18.00,    90.70,    -0.96,    -0.40,      0.033,   158.12,    906.3,    23.71,     14.366,    28.85,    29.41,   0.000492,   0.004741,    874.000,   985.22,     41.382,    25.87,    300.308,      0.243,   628.1572,    29.4569,    33.5096,    42.8511,   19.16965,    88.13
53213,    779.0,   163.82,    25.50,  29.539240, -95.162712,   162.13,     7.24,     1.84,    17.98,    90.70,    -1.12,    -2.44,      0.030,   156.96,    889.9,    23.76,     14.368,    27.75,    29.44,   0.000502,   0.004697,    861.000,   985.66,     40.769,    25.96,    300.354,      0.241,   623.3697,    29.5315,    33.6763,    43.0979,   19.21077,    87.29
53214,    768.0,   162.33,    25.58,  29.540003, -95.162659,   162.25,     6.29,     1.74,    17.50,    90.70,    -0.89,    -1.80,      0.001,   156.32,    877.0,    23.85,     14.370,    28.09,    29.39,   0.000490,   0.004682,    848.000,   986.07,     40.210,    25.95,    300.316,      0.240,   619.3466,    29.6958,    33.6721,    43.0916,   19.31277,    88.23
53215,    754.0,   161.85,    26.00,  29.540741, -95.162567,   162.26,     5.52,     1.44,    17.48,    90.70,    -1.16,    -1.02,      0.000,   157.53,    865.2,    23.93,     14.372,    29.57,    29.42,   0.000480,   0.004664,    836.000,   986.53,     40.080,    26.00,    300.323,      0.239,   615.6396,    29.8357,    33.7637,    43.2272,   19.39735,    88.47
53216,    746.2,   162.44,    26.00,  29.541492, -95.162567,   162.38,     4.89,     1.25,    16.98,    91.37,    -0.52,    -2.80,      0.014,   157.88,    853.1,    23.95,     14.375,    27.60,    29.49,   0.000491,   0.004609,    818.000,   986.97,     40.618,    26.03,    300.310,      0.241,   610.4561,    29.8841,    33.8158,    43.3042,   19.42070,    88.43
53217,    736.8,   162.49,    26.00,  29.542261, -95.162567,   162.38,     4.90,     0.85,    16.48,    91.41,    -0.43,    -5.55,      0.005,   156.54,    841.6,    23.94,     14.378,    26.23,    29.51,   0.000525,   0.004524,    803.000,   987.43,     40.600,    26.05,    300.292,      0.241,   604.9370,    29.8663,    33.8600,    43.3698,   19.39944,    88.22
53218,    719.0,   162.71,    26.00,  29.543003, -95.162567,   162.49,     4.93,     0.40,    16.00,    90.74,    -0.32,    -6.12,     -0.025,   155.59,    830.6,    23.91,     14.380,    28.22,    29.49,   0.000531,   0.004475,    790.000,   987.78,     40.156,    26.07,    300.280,      0.239,   601.0708,    29.8025,    33.8966,    43.4241,   19.34973,    87.25
