Flight_Tracks/discoveraq-ca/discoveraq-REVEAL_P3B_20130110_R0.ict
72,1001
Project Office
NSERC - National Suborbital Education and Research Center
P3-B Data Acquisition and Distribution
NASA_DISCOVER-AQ_California_2013
1,1
2013,01,10,2013,03,14
1
Start_UTC,seconds
39
1,1,1,1,1,1,1,1,1,1,1,1,1,1,1,1,1,1,1,1,1,1,1,1,1,1,1,1,1,1,1,1,1,1,1,1,1,1,1
-9999,-9999,-9999,-9999,-9999,-9999,-9999,-9999,-9999,-9999,-9999,-9999,-9999,-9999,-9999,-9999,-9999,-9999,-9999,-9999,-9999,-9999,-9999,-9999,-9999,-9999,-9999,-9999,-9999,-9999,-9999,-9999,-9999,-9999,-9999,-9999,-9999,-9999,-9999
Day_of_Year, Day, Day of flight counting from start of the year
Latitude, deg
Longitude, deg
GPS_Altitude, m
Pressure_Altitude, feet
Radar_Altitude, feet
Ground_Speed, m/s
True_Air_Speed, m/s
Indicated_Air_Speed, kts
Mach_Number, mach
Vertical_Speed, m/s
True_Heading, deg (0-360)
Track_Angle, deg (0-360)
Drift_Angle, deg
Pitch_Angle, deg (+-180)
Roll_Angle, deg (+-180)
Static_Air_Temp_Aircraft, Celsius
Static_Air_Temp, Celsius, Calculated from Rosemount 102E4AL TAT Sensor for correcting aircraft speed
Dew_Point_3-Stage, Celsius, Edgetech 3-Stage Hygrometer
Total_Air_Temp_Aircraft, Celsius
Total_Air_Temp, Celsius, From Rosemount 102E4AL TAT Sensor
IR_Surf_Temp, Celsius
Static_Pressure, mb
Cabin_Pressure, mb
Wind_Speed, m/s
Wind_Direction, deg (0-360)
Solar_Zenith_Angle, deg
Aircraft_Sun_Elevation, deg
Sun_Azimuth, deg
Aircraft_Sun_Azimuth, deg
Mixing_Ratio, g/kg
Part_Press_Water_Vapor, mb
Sat_Vapor_Press_H2O, mb
Sat_Vapor_Press_Ice, mb
Relative_Humidity, Percent
PrflNum,None,Six digit integer identifying a P-3B vertical profile. (See Other_Comments section for additional information).
SiteNum,None,Six digit integer indicating a P-3B overpass of ground site within 1.5 km and 2000 feet pressure altitude. (See Other_Comments section for additional information).
MANum,None,Six digit integer identifying a P-3B missed approach. (See Other_Comments section for additional information).
PrflBearing,deg N (0-360),Bearing to aircraft from center of spiral identified by PrflNum. Angle is measured from True North.
1
Final Data
18
PI_CONTACT_INFO: http://www.nserc.und.edu/about/contact.html
Platform: NASA P-3B
LOCATION: Included in data records
ASSOCIATED_DATA: N/A
INSTRUMENT_INFO: http://airbornescience.nasa.gov/sites/default/files/P-3B%20Experimenter%20Handbook%20548-HDBK-0001.pdf
DATA_INFO: http://airbornescience.nasa.gov/sites/default/files/P-3B%20Experimenter%20Handbook%20548-HDBK-0001.pdf
UNCERTAINTY: Reference P-3B Experimenter Handbook located at http://airbornescience.nasa.gov/sites/default/files/P-3B%20Experimenter%20Handbook%20548-HDBK-0001.pdf, for additional information please contact Eric Buzay at e.buzay@nserc.und.edu
ULOD_FLAG: -7777
ULOD_VALUE: N/A
LLOD_FLAG: -8888
LLOD_VALUE: N/A
DM_CONTACT_INFO: Eric Buzay, National Suborbital Education and Research Center, e.buzay@nserc.und.edu
PROJECT_INFO: http://discover-aq.larc.nasa.gov
STIPULATIONS_ON_USE: N/A
OTHER_COMMENTS: PrflNum - This number Starts with a 1, followed by the next two digits indicating SiteID (Shown below). SiteID is followed by a 0, and the last two digits give the sequential profile number from start of campaign. The PrflNum is also an indicator of the start and end of the vertical profile. SiteNum - This number starts with a 7, followed by SiteID for the next two digits. SiteID is followed by a 0, and the last two digits give sequential identifier from start of campaign. MANum - This number starts with an 8, followed by the next two digits indicating the specific airport (Shown below). Airport identifier is followed by a 0, and the last two digits give sequential identifier from start of campaign. Site and Airport IDs are listed as follows - Bakersfield (1), Porterville (2), Hanford (3), Huron (4), Tranquility (5), Fresno (6), Oildale (7), Corcoran (8), Clovis (9), Visalia (10), Lebec (11), Maricopa (12), ArvinDiGiorgio (13), Shafter (14), Parlier (15), FresnoDrummond (16), FresnoSkypark (17), MaderaPumpYard (18), MaderaCity (19), Merced (20), Turlock (21), TracyAirport (22), MantecaAMS (23), BakersfieldAPT (801), BakersfieldMeadows (807), PortervilleAPT (802), HanfordApt (803), CorcoranApt (808), Fresno Apt (806), VisaliaApt (810).
REVISION: R0
R0: This is Final Data. Added Day_Of_Year and Static_Air_Temp calculated from Rosemount TAT sensor to parameter list
Start_UTC,Day_Of_Year,Latitude,Longitude,GPS_Altitude,Pressure_Altitude,Radar_Altitude,Ground_Speed,True_Air_Speed,Indicated_Air_Speed,Mach_Number,Vertical_Speed,True_Heading,Track_Angle,Drift_Angle,Pitch_Angle,Roll_Angle,Static_Air_Temp_Aircraft,Static_Air_Temp,Dew_Point_3-Stage,Total_Air_Temp_Aircraft,Total_Air_Temp,IR_Surf_Temp,Static_Pressure,Cabin_Pressure,Wind_Speed,Wind_Direction,Solar_Zenith_Angle,Aircraft_Sun_Elevation,Sun_Azimuth,Aircraft_Sun_Azimuth,Mixing_Ratio,Part_Press_Water_Vapor,Sat_Vapor_Press_H2O,Sat_Vapor_Press_Ice,Relative_Humidity,PrflNum,SiteNum,MANum,PrflBearing
[from data line 3436]
82062,10,37.0970822,-75.9624536,253.51,410,914.459,191.5,98.8125,198.438,0.301313,1.30048,348.774,348.755,-0.022316,3.84315,29.0933,8.25,8.4083,-7.25586,13.5,13.5181,3.69629,998.327,1019.71,6,17.9297,98.246,-36.3132,-111.176,-104.615,2.22885,3.5646,10.9549,11.8732,32.5387,-9999,-9999,-9999,-9999
82063,10,37.0981345,-75.9627126,255.58,422,919.037,191.125,98.8125,197.875,0.301375,0.89408,351.55,351.583,0.031414,3.7944,29.0544,8.5,8.22997,-7.51831,13.5,13.3386,4.40918,997.893,1019.71,6,17.9297,98.2493,-35.7757,-111.173,-107.911,2.18489,3.49301,11.1423,12.1056,31.3491,-9999,-9999,-9999,-9999
82064,10,37.0988405,-75.9628413,256.94,428,926.056,190.75,98.8125,198.75,0.302375,2.032,354.224,354.429,0.199814,3.82547,29.0116,8.5,8.29732,-8.55591,13.75,13.4412,7.12891,997.676,1019.63,6,17.9297,98.2526,-35.1686,-111.171,-111.089,2.01548,3.22234,11.1423,12.1056,28.92,-9999,-9999,-9999,-9999
82065,10,37.0995491,-75.9629348,258.28,428,928.497,190.375,99,199,0.303,3.16992,356.875,357.233,0.350189,3.84676,28.9297,8.25,8.36872,-8.76343,13.5,13.5352,3.62305,997.676,1019.67,7,9.14062,98.2559,-34.4691,-111.169,-114.178,1.98295,3.17051,10.9549,11.8732,28.9414,-9999,-9999,-9999,-9999
82066,10,37.1006136,-75.9630092,260.25,433,933.685,190,99.125,199.5,0.303688,0.65024,359.667,0.0540733,0.379372,3.79955,28.2867,8.5,8.50509,-8.90991,13.75,13.6975,5.75684,997.495,1019.55,7,9.14062,98.2593,-33.1923,-111.166,-117.152,1.96063,3.13436,11.1423,12.1055,28.1304,-9999,-9999,-9999,-9999
82067,10,37.1013233,-75.9630159,261.59,442,942.841,189.625,99.0625,198.25,0.30225,2.032,2.4369,2.81284,0.370274,3.79097,27.4215,8.5,8.3015,-9.37988,13.75,13.4412,5.9668,997.17,1019.55,7,9.14062,98.2627,-31.682,-111.164,-119.972,1.89004,3.02087,11.1423,12.1055,27.1118,-9999,-9999,-9999,-9999
82068,10,37.1023851,-75.9629615,263.68,450,947.113,189.375,99,198.625,0.303,2.4384,4.9914,5.49076,0.489235,3.81998,26.4355,8.5,8.40228,-9.55078,13.75,13.5693,2.74902,996.881,1019.43,7,9.14062,98.2662,-30.0994,-111.161,-122.459,1.86526,2.98051,11.1422,12.1055,26.7497,-9999,-9999,-9999,-9999
82069,10,37.1034408,-75.9628338,265.93,455,952.911,189,98.875,198.312,0.302687,1.2192,7.30556,7.98225,0.66433,3.76385,25.1455,8.5,8.33722,-9.47144,13.75,13.4924,3.84766,996.7,1019.51,8,6.32812,98.2697,-28.3745,-111.159,-124.487,1.87732,2.99919,11.1422,12.1055,26.9173,-9999,-9999,-9999,-9999
82070,10,37.1041389,-75.9627096,267.5,463,957.947,188.625,98.6875,198.25,0.302938,1.46304,9.62883,10.3639,0.727158,3.84487,23.6568,8.5,8.22817,-9.59961,13.75,13.3899,3.55957,996.411,1019.43,8,6.67969,98.2732,-26.44,-111.156,-126.476,1.85895,2.96907,11.1422,12.1055,26.647,-9999,-9999,-9999,-9999
82071,10,37.1048332,-75.9625576,269.05,463,966.187,188.375,98.6875,198.25,0.302875,2.76352,11.8106,12.6355,0.817108,4.01979,22.1836,8.5,8.15474,-9.55078,13.75,13.313,7.36328,996.411,1019.31,8,6.67969,98.2768,-24.5382,-111.154,-128.323,1.86614,2.98051,11.1422,12.1055,26.7497,-9999,-9999,-9999,-9999
82072,10,37.1058631,-75.9622765,271.94,470,976.715,188,98.75,198.188,0.301062,1.95072,13.6512,14.7119,1.0528,3.71492,22.2459,8.5,8.40823,-9.39209,13.75,13.5095,6.81641,996.158,1019.23,8,6.67969,98.2804,-24.2411,-111.151,-130.155,1.89014,3.01796,11.1422,12.1055,27.0858,-9999,-9999,-9999,-9999
82073,10,37.1065413,-75.9620559,274.22,480,981.293,187.625,98.625,197.312,0.301688,1.05664,15.1484,16.6266,1.47251,3.12527,22.9552,8.5,8.36223,-9.59351,13.5,13.4839,7.10449,995.797,1019.23,9.5,4.57031,98.284,-24.7035,-111.148,-131.763,1.86099,2.97049,11.1422,12.1055,26.6598,-9999,-9999,-9999,-9999
82074,10,37.1075490,-75.9616838,276.73,491,986.786,187.5,98.5,197.625,0.301187,1.54432,16.9286,18.5772,1.64074,2.85679,23.4501,8.5,8.27818,-10.1428,13.75,13.3813,5.74707,995.4,1019.19,9.5,4.57031,98.2876,-24.7077,-111.146,-133.697,1.78248,2.84439,11.1422,12.1054,25.5281,-9999,-9999,-9999,-9999
82075,10,37.1085455,-75.9612597,278.2,486,986.481,187.5,98.5625,197.688,0.301313,0.56896,18.9779,20.6243,1.63628,2.40051,22.8344,8.5,8.39151,-10.3503,13.75,13.501,7.19238,995.58,1019.14,9.5,4.57031,98.2913,-23.9324,-111.143,-135.457,1.75301,2.79801,11.1422,12.1055,25.1118,-9999,-9999,-9999,-9999
82076,10,37.1090351,-75.9610223,278.28,490,987.854,187.625,98.625,197.5,0.3015,-0.16256,21.0901,22.5233,1.42754,1.75919,21.5562,8.5,8.26777,-10.2893,13.75,13.3813,6.33301,995.436,1019.1,9.5,4.57031,98.295,-22.8411,-111.14,-137.011,1.76179,2.81158,11.1422,12.1054,25.2336,-9999,-9999,-9999,-9999
82077,10,37.1100079,-75.9605234,277.8,485,983.734,187.875,98.75,198.812,0.302125,0.89408,22.9779,24.3169,1.33106,1.3975,17.1795,8.5,8.18819,-10.387,13.5,13.3215,6.93359,995.617,1019.06,10.5,2.10938,98.2987,-19.6019,-111.138,-137.501,1.74785,2.78989,11.1422,12.1055,25.039,-9999,-9999,-9999,-9999
82078,10,37.1106503,-75.9601691,276.97,480,980.072,188.375,99,198.5,0.303,-0.89408,24.4302,25.5401,1.09983,1.26154,8.77705,8.5,8.30159,-10.1184,13.75,13.4668,4.81445,995.797,1019.31,10.5,2.10938,98.3024,-13.6955,-111.135,-136.922,1.78522,2.84989,11.1422,12.1055,25.5775,-9999,-9999,-9999,-9999
82079,10,37.1116068,-75.9596104,275.69,480,978.241,188.625,99.0625,199.188,0.303313,-0.16256,25.1194,26.0496,0.920277,1.44951,2.97798,8.5,8.19044,-9.7522,13.5,13.3643,4.80957,995.797,1019.39,10.5,2.10938,98.3062,-9.51803,-111.132,-136.636,1.83779,2.93356,11.1422,12.1055,26.3284,-9999,-9999,-9999,-9999
82080,10,37.1122425,-75.9592276,275.05,474,976.868,189.25,99.3125,199.375,0.303438,-1.78816,24.7309,26.1282,1.3872,1.52161,0.374565,8.5,8.21142,-9.65454,13.75,13.3899,4.11133,996.014,1019.43,10.5,2.10938,98.3099,-7.68377,-111.13,-135.901,1.85163,2.95624,11.1422,12.1055,26.5319,-9999,-9999,-9999,-9999
82081,10,37.1131959,-75.9586488,274.68,477,978.088,189.5,99.375,199.062,0.304625,0.16256,23.795,25.9015,2.10096,1.6016,-0.802174,8.5,8.0541,-9.42261,13.75,13.2703,6.1377,995.905,1019.47,10.5,4.92188,98.3136,-6.81944,-111.127,-134.834,1.88607,3.01072,11.1422,12.1055,27.0209,-9999,-9999,-9999,-9999
82082,10,37.1138317,-75.9582637,274.79,482,976.562,189.75,99.5,199.875,0.304188,0.56896,23.1283,25.6165,2.48034,1.76914,-0.322895,8.5,8.28693,-9.32495,13.5,13.4924,2.42188,995.725,1019.39,10.5,4.92188,98.3174,-7.05662,-111.124,-134.237,1.901,3.03393,11.1422,12.1055,27.2292,-9999,-9999,-9999,-9999
82083,10,37.1147883,-75.9576916,275.44,477,977.173,190,99.4375,199.625,0.304938,-0.24384,23.0565,25.3202,2.25357,1.88261,-1.39458,8.25,8.31204,-8.94043,13.5,13.5437,5.9375,995.905,1019.59,10.5,4.92188,98.3211,-6.21355,-111.121,-134.051,1.95906,3.12686,10.9548,11.8731,28.5432,-9999,-9999,-9999,-9999
82084,10,37.1154285,-75.9573153,276.04,479,981.293,190.25,99.5625,199.75,0.304375,0.73152,23.153,24.9656,1.80468,1.99127,-1.34789,8.5,8.10445,-9.33105,13.75,13.313,5.62012,995.833,1019.39,10.5,4.92188,98.3249,-6.17442,-111.119,-134.158,1.89988,3.03247,11.1422,12.1055,27.2161,-9999,-9999,-9999,-9999
82085,10,37.1163918,-75.9567570,277.25,482,982.513,190.375,99.6875,199.625,0.304812,0,22.8881,24.7119,1.8136,2.22061,0.717545,8.25,8.11491,-9.53247,13.5,13.3386,4.37012,995.725,1019.39,11,358.248,98.3286,-7.50598,-111.116,-134.16,1.87012,2.9848,10.9548,11.8731,27.2464,-9999,-9999,-9999,-9999
82086,10,37.1170367,-75.9563891,278.09,487,986.328,190.5,99.625,199.812,0.304688,1.86944,22.464,24.6691,2.19967,2.54728,3.48061,8.25,8.07717,-9.36768,13.75,13.2959,4.16504,995.544,1019.31,11,358.248,98.3323,-9.2916,-111.113,-134.167,1.89495,3.02375,10.9548,11.8731,27.602,-9999,-9999,-9999,-9999
82087,10,37.1180043,-75.9558381,279.66,491,993.958,190.5,99.625,200.062,0.305562,1.54432,22.4257,24.878,2.44223,2.41287,6.02943,8.25,8.08125,-9.34937,13.5,13.3301,4.41406,995.4,1019.23,11,358.248,98.3361,-11.2213,-111.111,-134.54,1.89796,3.02811,10.9548,11.873,27.6418,-9999,-9999,-9999,-9999
82088,10,37.1186479,-75.9554685,280.86,491,994.873,190.375,99.5,199.562,0.304062,1.38176,23.034,25.3,2.25357,2.43399,8.33673,8.25,8.18207,-9.16016,13.5,13.3813,6.08887,995.4,1019.1,11,358.248,98.3398,-12.777,-111.108,-135.594,1.92647,3.07345,10.9548,11.873,28.0557,-9999,-9999,-9999,-9999
82089,10,37.1196104,-75.9549066,282.51,504,998.23,190.375,99.5625,199.812,0.30425,1.13792,24.0508,25.9351,1.87643,2.53286,8.71851,8.25,8.08348,-8.98926,13.5,13.2874,5.18555,994.931,1019.19,11.5,351.568,98.3435,-12.8386,-111.105,-136.708,1.95346,3.11491,10.9548,11.873,28.4342,-9999,-9999,-9999,-9999
82090,10,37.1202501,-75.9545249,283.6,502,1005.55,190.5,99.5,199.688,0.304188,-0.24384,25.0833,26.6624,1.57122,2.58024,10.3009,8.25,8.09397,-8.98926,13.5,13.2959,2.70508,995.003,1019.14,11.5,351.568,98.3473,-13.7322,-111.102,-138.093,1.95332,3.11491,10.9548,11.873,28.4342,-9999,-9999,-9999,-9999
82091,10,37.1212037,-75.9539367,285.29,514,1007.54,190.5,99.5625,199.875,0.30525,2.8448,25.6984,27.5312,1.82047,2.72942,11.0025,8.25,8.20923,-8.98315,13.5,13.4497,2.70996,994.57,1019.02,11.5,351.568,98.351,-13.9933,-111.1,-138.893,1.95511,3.1164,10.9548,11.873,28.4478,-9999,-9999,-9999,-9999
82092,10,37.1221481,-75.9533269,287.12,516,1006.93,190.5,99.5,200,0.304062,1.54432,26.291,28.3751,2.07401,2.64633,11.1231,8.25,8.14851,-9.22119,13.5,13.3472,3.98438,994.498,1018.94,11.5,351.568,98.3548,-14.0348,-111.097,-139.5,1.91897,3.05875,10.9548,11.873,27.9216,-9999,-9999,-9999,-9999
82093,10,37.1227726,-75.9529089,288.3,518,1020.05,190.5,99.5,199.625,0.304188,0.65024,27.1462,29.1519,1.99556,2.55775,7.82227,8.25,8.2366,-9.61792,13.5,13.4412,2.72461,994.426,1018.94,11.5,352.974,98.3586,-11.8131,-111.094,-139.621,1.85997,2.96477,10.9548,11.873,27.0637,-9999,-9999,-9999,-9999
82094,10,37.1233940,-75.9524837,289.46,522,1023.25,190.375,99.5625,199.875,0.304437,1.46304,27.9925,29.5424,1.5398,2.59106,3.85483,8.5,8.22819,-9.60571,13.5,13.4412,3.61816,994.282,1018.82,11.5,352.974,98.3624,-9.12035,-111.091,-139.735,1.86203,2.96762,11.1421,12.1054,26.6342,-9999,-9999,-9999,-9999
82095,10,37.1243213,-75.9518361,291.4,529,1029.21,190.5,99.625,200.062,0.304688,2.8448,28.1204,29.6411,1.51062,2.09993,1.18137,8.25,8.16945,-9.70337,13.75,13.3899,5.00977,994.029,1018.86,11.5,352.974,98.3661,-7.75165,-111.089,-139.402,1.84818,2.94486,10.9548,11.873,26.882,-9999,-9999,-9999,-9999
82096,10,37.1249385,-75.9514015,292.67,537,1034.09,190.5,99.625,200,0.304688,0.73152,27.6759,29.4818,1.79352,2.0093,-0.665874,8.5,8.15267,-9.59351,13.75,13.3728,5.83496,993.741,1018.74,11.5,352.974,98.3699,-6.62504,-111.086,-138.707,1.86484,2.97047,11.1421,12.1054,26.6598,-9999,-9999,-9999,-9999
82097,10,37.1258655,-75.9507511,294.21,538,1040.19,190.5,99.75,199.938,0.305187,2.8448,27.1148,29.2078,2.08294,1.88536,-0.517731,8.25,8.10228,-9.54468,13.5,13.3386,5.87891,993.705,1018.78,11.5,356.841,98.3737,-6.82818,-111.083,-138.154,1.87212,2.98191,10.9548,11.873,27.2203,-9999,-9999,-9999,-9999
82098,10,37.1267952,-75.9501067,295.35,540,1041.72,190.75,99.75,199.75,0.305,0,26.7467,28.9543,2.19744,2.21752,0.00429153,8.25,8.19249,-9.54468,13.5,13.4241,4.36035,993.633,1018.82,11.5,356.841,98.3775,-6.9418,-111.08,-137.877,1.87225,2.98191,10.9548,11.873,27.2203,-9999,-9999,-9999,-9999
82099,10,37.1274167,-75.9496810,296.18,549,1045.68,190.75,99.8125,199.812,0.30425,1.54432,26.6075,28.75,2.13238,2.56205,0.433102,8.25,8.29322,-9.80103,13.5,13.501,5.91797,993.308,1018.82,11.5,356.841,98.3812,-6.98239,-111.078,-137.821,1.83529,2.92225,10.9547,11.8729,26.6757,-9999,-9999,-9999,-9999
82100,10,37.1280392,-75.9492579,297.3,550,1052.25,190.75,99.75,199.875,0.305187,1.54432,26.5425,28.5883,2.03144,3.00545,0.764236,8.5,8.22811,-9.84985,13.75,13.4668,6.37695,993.272,1018.82,11.5,356.841,98.385,-6.88288,-111.075,-137.836,1.82827,2.91101,11.1421,12.1053,26.1262,-9999,-9999,-9999,-9999
82101,10,37.1289738,-75.9486274,299.66,565,1057.28,190.5,99.8125,200.375,0.305375,3.33248,26.3854,28.4718,2.07178,3.54515,1.06052,8.5,8.25535,-10.0391,13.75,13.501,2.54883,992.732,1018.82,11.5,355.435,98.3888,-6.69446,-111.072,-137.763,1.80204,2.86781,11.1421,12.1053,25.7385,-9999,-9999,-9999,-9999
82102,10,37.1295966,-75.9482090,301.79,572,1068.12,190.5,99.75,199.5,0.305125,3.00736,26.1428,28.3729,2.21769,4.08056,1.27493,8.5,8.43994,-10.3809,13.5,13.6804,4.70215,992.48,1018.66,11.5,355.435,98.3926,-6.46217,-111.069,-137.594,1.75422,2.79121,11.1421,12.1053,25.0511,-9999,-9999,-9999,-9999
82103,10,37.1305290,-75.9475845,306.05,578,1080.78,190,99.625,199,0.304563,3.33248,25.941,28.3056,2.35245,4.59641,1.39561,8.5,8.49245,-10.6006,13.75,13.7146,3.54004,992.264,1018.53,11.5,355.435,98.3963,-6.18183,-111.067,-137.449,1.72418,2.74294,11.1421,12.1053,24.6179,-9999,-9999,-9999,-9999
82104,10,37.1314585,-75.9469643,311.6,596,1096.95,189.5,99.4375,198.375,0.30375,4.38912,25.8421,28.2495,2.39502,5.09439,1.51251,8.75,8.38553,-11.0706,13.75,13.5779,3.15918,991.616,1018.37,11.5,355.435,98.4001,-5.90669,-111.064,-137.404,1.66176,2.64218,11.3322,12.3418,23.3156,-9999,-9999,-9999,-9999
82105,10,37.1320759,-75.9465539,315.98,624,1115.57,188.625,99.0625,197.562,0.302375,6.25856,25.7859,28.2022,2.40858,5.55994,1.64503,8.75,8.4232,-11.4734,13.75,13.5693,5.53223,990.609,1018.29,12.5,354.029,98.4038,-5.66352,-111.061,-137.4,1.6106,2.55844,11.3322,12.3417,22.5768,-9999,-9999,-9999,-9999
82106,10,37.1329977,-75.9459427,323.44,639,1136.47,187.75,98.75,197.125,0.300063,6.9088,25.7164,28.1777,2.45338,5.99527,1.82442,8.75,8.63452,-11.6809,13.75,13.7061,4.53613,990.07,1018.05,12.5,354.029,98.4076,-5.47626,-111.059,-137.389,1.58483,2.51624,11.3322,12.3417,22.2044,-9999,-9999,-9999,-9999
82107,10,37.1336086,-75.9455375,328.97,672,1155.7,186.625,98.4375,196.125,0.30075,6.66496,25.5952,28.1619,2.55432,6.32315,1.96861,8.75,8.46059,-11.9373,13.75,13.5522,0.620117,988.884,1017.88,12.5,354.029,98.4113,-5.34987,-111.056,-137.313,1.55431,2.46496,11.3321,12.3416,21.752,-9999,-9999,-9999,-9999
82108,10,37.1342164,-75.9451345,334.91,699,1178.13,185.5,98.125,194.75,0.2985,7.47776,25.4627,28.1485,2.67345,6.32795,1.69962,8.75,8.63591,-12.2729,13.75,13.6548,2.58301,987.915,1017.68,12.5,354.029,98.4151,-5.18001,-111.053,-137.132,1.51424,2.39921,11.3321,12.3416,21.1719,-9999,-9999,-9999,-9999
82109,10,37.1351223,-75.9445349,344.21,719,1208.34,184.375,97.5625,194,0.296375,6.99008,25.3237,28.0474,2.71379,5.55925,-0.513783,8.75,8.72268,-12.572,13.75,13.6719,2.44141,987.198,1017.44,14,353.677,98.4188,-4.23957,-111.05,-136.586,1.4791,2.34197,11.332,12.3415,20.6668,-9999,-9999,-9999,-9999
82110,10,37.1357235,-75.9441396,350.25,741,1232.76,183.25,97.1875,193.5,0.296937,9.3472,25.1283,27.7422,2.60376,4.44981,-1.97136,9,8.93931,-13.2861,13.75,13.9111,3.36426,986.41,1017.39,14,353.677,98.4226,-4.05211,-111.048,-136.13,1.3968,2.21018,11.525,12.5822,19.1772,-9999,-9999,-9999,-9999
82111,10,37.1366237,-75.9435539,357.95,760,1252.9,182.375,97.125,193.438,0.2965,5.20192,24.5536,27.3628,2.79688,3.8162,-2.30267,9,9.10485,-13.4753,13.75,14.0649,4.98047,985.729,1017.31,14,353.677,98.4263,-4.29419,-111.045,-135.485,1.37635,2.17638,11.525,12.5822,18.884,-9999,-9999,-9999,-9999
82112,10,37.1372237,-75.9431690,361.88,772,1266.33,181.75,96.875,193.188,0.295625,5.12064,23.8129,26.9184,3.09763,3.73037,-3.00425,9,9.16717,-13.8843,14,14.0991,5.16602,985.3,1017.35,14,353.677,98.43,-3.87493,-111.042,-134.662,1.33164,2.10492,11.525,12.5822,18.264,-9999,-9999,-9999,-9999
82113,10,37.1381262,-75.9426018,366.69,788,1276.86,181.5,96.625,192,0.2945,4.14528,23.3236,26.3751,3.0415,3.15462,-4.24742,9.25,9.23759,-14.4763,14.25,14.1333,4.37012,984.727,1017.44,15,351.92,98.4337,-3.3952,-111.039,-134.019,1.26915,2.00517,11.7209,12.8271,17.1077,-9999,-9999,-9999,-9999
82114,10,37.1390317,-75.9420484,370.46,803,1287.99,181.125,96.4375,191.688,0.294812,4.22656,23.0138,25.7444,2.71603,2.79001,-4.80858,9.25,9.25257,-14.989,14.25,14.1589,4.90723,984.19,1017.64,15,351.92,98.4374,-3.24297,-111.037,-133.642,1.21721,1.92222,11.7209,12.8271,16.4,-9999,-9999,-9999,-9999
