Flight_Tracks/discoveraq-ca/discoveraq-REVEAL_P3B_20130110_R0.ict
72,1001
Project Office
NSERC - National Suborbital Education and Research Center
P3-B Data Acquisition and Distribution
NASA_DISCOVER-AQ_California_2013
1,1
2013,01,10,2013,03,14
1
Start_UTC,seconds
39
1,1,1,1,1,1,1,1,1,1,1,1,1,1,1,1,1,1,1,1,1,1,1,1,1,1,1,1,1,1,1,1,1,1,1,1,1,1,1
-9999,-9999,-9999,-9999,-9999,-9999,-9999,-9999,-9999,-9999,-9999,-9999,-9999,-9999,-9999,-9999,-9999,-9999,-9999,-9999,-9999,-9999,-9999,-9999,-9999,-9999,-9999,-9999,-9999,-9999,-9999,-9999,-9999,-9999,-9999,-9999,-9999,-9999,-9999
Day_of_Year, Day, Day of flight counting from start of the year
Latitude, deg
Longitude, deg
GPS_Altitude, m
Pressure_Altitude, feet
Radar_Altitude, feet
Ground_Speed, m/s
True_Air_Speed, m/s
Indicated_Air_Speed, kts
Mach_Number, mach
Vertical_Speed, m/s
True_Heading, deg (0-360)
Track_Angle, deg (0-360)
Drift_Angle, deg
Pitch_Angle, deg (+-180)
Roll_Angle, deg (+-180)
Static_Air_Temp_Aircraft, Celsius
Static_Air_Temp, Celsius, Calculated from Rosemount 102E4AL TAT Sensor for correcting aircraft speed
Dew_Point_3-Stage, Celsius, Edgetech 3-Stage Hygrometer
Total_Air_Temp_Aircraft, Celsius
Total_Air_Temp, Celsius, From Rosemount 102E4AL TAT Sensor
IR_Surf_Temp, Celsius
Static_Pressure, mb
Cabin_Pressure, mb
Wind_Speed, m/s
Wind_Direction, deg (0-360)
Solar_Zenith_Angle, deg
Aircraft_Sun_Elevation, deg
Sun_Azimuth, deg
Aircraft_Sun_Azimuth, deg
Mixing_Ratio, g/kg
Part_Press_Water_Vapor, mb
Sat_Vapor_Press_H2O, mb
Sat_Vapor_Press_Ice, mb
Relative_Humidity, Percent
PrflNum,None,Six digit integer identifying a P-3B vertical profile. (See Other_Comments section for additional information).
SiteNum,None,Six digit integer indicating a P-3B overpass of ground site within 1.5 km and 2000 feet pressure altitude. (See Other_Comments section for additional information).
MANum,None,Six digit integer identifying a P-3B missed approach. (See Other_Comments section for additional information).
PrflBearing,deg N (0-360),Bearing to aircraft from center of spiral identified by PrflNum. Angle is measured from True North.
1
Final Data
18
PI_CONTACT_INFO: http://www.nserc.und.edu/about/contact.html
Platform: NASA P-3B
LOCATION: Included in data records
ASSOCIATED_DATA: N/A
INSTRUMENT_INFO: http://airbornescience.nasa.gov/sites/default/files/P-3B%20Experimenter%20Handbook%20548-HDBK-0001.pdf
DATA_INFO: http://airbornescience.nasa.gov/sites/default/files/P-3B%20Experimenter%20Handbook%20548-HDBK-0001.pdf
UNCERTAINTY: Reference P-3B Experimenter Handbook located at http://airbornescience.nasa.gov/sites/default/files/P-3B%20Experimenter%20Handbook%20548-HDBK-0001.pdf, for additional information please contact Eric Buzay at e.buzay@nserc.und.edu
ULOD_FLAG: -7777
ULOD_VALUE: N/A
LLOD_FLAG: -8888
LLOD_VALUE: N/A
DM_CONTACT_INFO: Eric Buzay, National Suborbital Education and Research Center, e.buzay@nserc.und.edu
PROJECT_INFO: http://discover-aq.larc.nasa.gov
STIPULATIONS_ON_USE: N/A
OTHER_COMMENTS: PrflNum - This number Starts with a 1, followed by the next two digits indicating SiteID (Shown below). SiteID is followed by a 0, and the last two digits give the sequential profile number from start of campaign. The PrflNum is also an indicator of the start and end of the vertical profile. SiteNum - This number starts with a 7, followed by SiteID for the next two digits. SiteID is followed by a 0, and the last two digits give sequential identifier from start of campaign. MANum - This number starts with an 8, followed by the next two digits indicating the specific airport (Shown below). Airport identifier is followed by a 0, and the last two digits give sequential identifier from start of campaign. Site and Airport IDs are listed as follows - Bakersfield (1), Porterville (2), Hanford (3), Huron (4), Tranquility (5), Fresno (6), Oildale (7), Corcoran (8), Clovis (9), Visalia (10), Lebec (11), Maricopa (12), ArvinDiGiorgio (13), Shafter (14), Parlier (15), FresnoDrummond (16), FresnoSkypark (17), MaderaPumpYard (18), MaderaCity (19), Merced (20), Turlock (21), TracyAirport (22), MantecaAMS (23), BakersfieldAPT (801), BakersfieldMeadows (807), PortervilleAPT (802), HanfordApt (803), CorcoranApt (808), Fresno Apt (806), VisaliaApt (810).
REVISION: R0
R0: This is Final Data. Added Day_Of_Year and Static_Air_Temp calculated from Rosemount TAT sensor to parameter list
Start_UTC,Day_Of_Year,Latitude,Longitude,GPS_Altitude,Pressure_Altitude,Radar_Altitude,Ground_Speed,True_Air_Speed,Indicated_Air_Speed,Mach_Number,Vertical_Speed,True_Heading,Track_Angle,Drift_Angle,Pitch_Angle,Roll_Angle,Static_Air_Temp_Aircraft,Static_Air_Temp,Dew_Point_3-Stage,Total_Air_Temp_Aircraft,Total_Air_Temp,IR_Surf_Temp,Static_Pressure,Cabin_Pressure,Wind_Speed,Wind_Direction,Solar_Zenith_Angle,Aircraft_Sun_Elevation,Sun_Azimuth,Aircraft_Sun_Azimuth,Mixing_Ratio,Part_Press_Water_Vapor,Sat_Vapor_Press_H2O,Sat_Vapor_Press_Ice,Relative_Humidity,PrflNum,SiteNum,MANum,PrflBearing
[from data line 664]
79290,10,38.2067057,-75.1288342,4752.98,14965,-9999,245,123.062,193.625,0.38625,0.48768,219.249,211.69,-7.55774,2.7265,-0.00720978,-6,-6.60703,-9999,1.75,1.34155,3.49609,572.623,949.734,33,305.865,90.9747,-3.66781,-117.371,23.593,-9999,-9999,3.91976,3.69681,-9999,-9999,-9999,-9999,-9999
79291,10,38.2055418,-75.1297343,4754.78,14972,-9999,244.875,123.125,193.875,0.386687,1.70688,219.312,211.708,-7.607,2.74384,0.0472069,-6,-6.54985,-9999,1.75,1.41846,1.84082,572.462,949.815,33,305.865,90.9767,-3.66507,-117.369,23.533,-9999,-9999,3.91976,3.69681,-9999,-9999,-9999,-9999,-9999
79292,10,38.2047664,-75.1303344,4755.97,14979,-9999,244.75,123.125,194,0.387563,2.35712,219.368,211.724,-7.64305,2.72427,0.117416,-6,-6.72593,-9999,1.75,1.27319,1.0791,572.3,949.978,33,305.865,90.9786,-3.62216,-117.367,23.4793,-9999,-9999,3.91976,3.69681,-9999,-9999,-9999,-9999,-9999
79293,10,38.2039913,-75.1309343,4757.17,14981,-9999,244.625,123.188,193.875,0.38775,0.16256,219.375,211.749,-7.62949,2.74401,0.203075,-6,-6.57583,-9999,1.75,1.43555,3.6084,572.254,950.222,33,305.162,90.9806,-3.60818,-117.365,23.4759,-9999,-9999,3.91976,3.69681,-9999,-9999,-9999,-9999,-9999
79294,10,38.2028295,-75.1318348,4759.03,14990,-9999,244.625,123.188,194.062,0.387875,2.4384,219.368,211.773,-7.59584,2.77542,0.164108,-6,-6.61403,-9999,1.75,1.40137,2.3877,572.047,950.466,33,305.162,90.9825,-3.65427,-117.363,23.4853,-9999,-9999,3.91976,3.6968,-9999,-9999,-9999,-9999,-9999
79295,10,38.2020553,-75.1324353,4760.32,14990,-9999,244.625,123.125,193.75,0.387563,1.54432,219.373,211.796,-7.57782,2.78091,0.0588799,-6,-6.67616,-9999,1.5,1.32446,1.85547,572.047,950.629,33,305.162,90.9844,-3.70324,-117.361,23.4819,-9999,-9999,3.91976,3.6968,-9999,-9999,-9999,-9999,-9999
79296,10,38.2008947,-75.1333362,4762.33,15004,-9999,244.5,123.125,193.875,0.387625,1.38176,219.481,211.814,-7.66983,2.74401,0.121193,-6,-6.55423,-9999,1.75,1.45264,2.56836,571.724,950.792,33,305.162,90.9864,-3.64872,-117.359,23.3759,-9999,-9999,3.91975,3.6968,-9999,-9999,-9999,-9999,-9999
79297,10,38.1997348,-75.1342377,4764.38,15007,-9999,244.5,123.312,194.25,0.388312,1.95072,219.523,211.859,-7.6609,2.76031,0.390186,-6,-6.53205,-9999,1.75,1.50391,3.63281,571.655,951.117,32.5,304.459,90.9883,-3.55988,-117.356,23.3382,-9999,-9999,3.91975,3.6968,-9999,-9999,-9999,-9999,-9999
79298,10,38.1989621,-75.1348392,4765.75,15004,-9999,244.5,123.25,193.562,0.385125,0,219.465,211.895,-7.57336,2.24413,0.413532,-6,-6.68661,-9999,1.5,1.21338,1.52344,571.724,951.24,32.5,304.459,90.9902,-3.07733,-117.354,23.3871,-9999,-9999,3.91975,3.6968,-9999,-9999,-9999,-9999,-9999
79299,10,38.1981893,-75.1354419,4767.06,15011,-9999,244.375,123.312,194.25,0.38825,0.97536,219.463,211.949,-7.51499,1.74133,0.304356,-6.25,-6.62078,-9999,1.75,1.40991,4.14551,571.563,951.565,32.5,304.459,90.9922,-2.66109,-117.352,23.3803,-9999,-9999,3.84553,3.61797,-9999,-9999,-9999,-9999,-9999
79300,10,38.1970299,-75.1363477,4768.15,15017,-9999,244.375,123.438,194.5,0.388875,0.56896,219.532,211.998,-7.53525,1.83815,0.288906,-6.25,-6.7869,-9999,1.5,1.26465,0.981445,571.425,951.728,32.5,304.459,90.9941,-2.75919,-117.35,23.3144,-9999,-9999,3.84552,3.61797,-9999,-9999,-9999,-9999,-9999
79301,10,38.1960634,-75.1371040,4768.35,15020,-9999,244.625,123.625,194.5,0.3885,0.16256,219.6,212.038,-7.56443,1.81927,0.347271,-6.25,-6.72207,-9999,1.5,1.31592,3.21289,571.356,952.053,32.5,303.404,90.9961,-2.72187,-117.348,23.2495,-9999,-9999,3.84552,3.61797,-9999,-9999,-9999,-9999,-9999
79302,10,38.1950994,-75.1378583,4768.69,15011,-9999,244.75,123.812,195.312,0.390375,0.16256,219.669,212.103,-7.56889,1.83249,0.468121,-6,-6.68974,-9999,1.75,1.427,2.00684,571.563,952.175,32.5,303.404,90.998,-2.68958,-117.346,23.1835,-9999,-9999,3.91975,3.6968,-9999,-9999,-9999,-9999,-9999
79303,10,38.1943274,-75.1384634,4768.91,15011,-9999,245.125,124.125,195.25,0.3905,-1.13792,219.718,212.16,-7.55774,1.84896,0.518761,-6,-6.6865,-9999,1.75,1.43555,2.96875,571.563,952.379,32.5,303.404,90.9999,-2.68771,-117.344,23.1372,-9999,-9999,3.91975,3.6968,-9999,-9999,-9999,-9999,-9999
79304,10,38.1931692,-75.1393745,4769.02,15012,-9999,245.375,124.062,195.875,0.390375,0.56896,219.766,212.22,-7.54864,1.85875,0.569401,-6.25,-6.61511,-9999,1.75,1.50391,4.16016,571.54,952.623,32.5,303.404,91.0019,-2.67972,-117.342,23.0928,-9999,-9999,3.84553,3.61797,-9999,-9999,-9999,-9999,-9999
79305,10,38.1922039,-75.1401356,4769.16,15015,-9999,245.5,124.188,195.375,0.390938,0,219.811,212.29,-7.52409,1.83626,0.487518,-6,-6.88658,-9999,1.75,1.24756,3.51074,571.471,952.745,32.5,302.701,91.0038,-2.69398,-117.34,23.0487,-9999,-9999,3.91975,3.6968,-9999,-9999,-9999,-9999,-9999
79306,10,38.1910457,-75.1410526,4769.18,15005,-9999,245.625,124.25,195.625,0.390125,-1.13792,219.833,212.357,-7.47911,1.84811,0.413532,-6,-6.72112,-9999,1.75,1.38428,3.48633,571.701,953.03,32.5,302.701,91.0057,-2.73619,-117.338,23.0277,-9999,-9999,3.91975,3.6968,-9999,-9999,-9999,-9999,-9999
79307,10,38.1900797,-75.1418192,4769.32,15013,-9999,245.875,124.375,195.75,0.390563,0.24384,219.878,212.411,-7.47019,1.84313,0.409584,-6.25,-6.6061,-9999,1.75,1.521,3.90625,571.517,953.233,32.5,302.701,91.0076,-2.73591,-117.336,22.9847,-9999,-9999,3.84553,3.61797,-9999,-9999,-9999,-9999,-9999
79308,10,38.1893070,-75.1424338,4769.33,15007,-9999,246.25,124.562,196.75,0.39325,0.08128,219.954,212.467,-7.48581,1.85463,0.421429,-6.25,-6.6901,-9999,1.75,1.54663,1.51367,571.655,953.518,32.5,302.701,91.0096,-2.74524,-117.334,22.9108,-9999,-9999,3.84553,3.61798,-9999,-9999,-9999,-9999,-9999
79309,10,38.1885343,-75.1430496,4769.32,15003,-9999,246.375,124.75,197.062,0.393125,0,220.022,212.53,-7.4925,1.86356,0.323925,-6.25,-6.627,-9999,1.75,1.60645,2.97363,571.747,953.721,32.5,303.052,91.0115,-2.79453,-117.332,22.8444,-9999,-9999,3.84553,3.61798,-9999,-9999,-9999,-9999,-9999
79310,10,38.1873749,-75.1439758,4769.33,15001,-9999,246.625,125,196.812,0.392062,0,220.044,212.573,-7.47465,1.69413,0.183678,-6,-6.74968,-9999,2,1.43555,2.76367,571.793,954.006,32.5,303.052,91.0134,-2.69508,-117.33,22.8192,-9999,-9999,3.91975,3.6968,-9999,-9999,-9999,-9999,-9999
79311,10,38.1866019,-75.1445947,4769.31,15006,-9999,246.625,125.062,196.812,0.393313,-1.05664,220.008,212.611,-7.3938,1.73447,0.0238609,-6.25,-6.58489,-9999,1.75,1.65771,3.17871,571.678,954.169,32.5,303.052,91.0153,-2.79572,-117.327,22.8556,-9999,-9999,3.84553,3.61798,-9999,-9999,-9999,-9999,-9999
79312,10,38.1854435,-75.1455263,4769.24,15006,-9999,247,125.188,197.875,0.394812,0.56896,220.071,212.615,-7.45886,1.7561,-0.696945,-6.25,-6.7537,-9999,1.75,1.54663,3.1543,571.678,954.291,32.5,302.349,91.0173,-3.09741,-117.325,22.783,-9999,-9999,3.84553,3.61798,-9999,-9999,-9999,-9999,-9999
79313,10,38.1842857,-75.1464613,4769.13,15006,-9999,247.125,125.5,197.875,0.394062,-0.16256,220.116,212.584,-7.53971,1.69138,-1.23871,-6,-6.56568,-9999,2,1.70898,1.50391,571.678,954.576,32.5,302.349,91.0192,-3.24878,-117.323,22.7272,-9999,-9999,3.91975,3.6968,-9999,-9999,-9999,-9999,-9999
79314,10,38.1835107,-75.1470858,4768.98,14999,-9999,247.25,125.562,197.188,0.39425,-1.95072,219.963,212.514,-7.45663,1.7494,-1.53877,-6,-6.73078,-9999,2,1.54663,4.16504,571.839,954.779,32.5,302.349,91.0211,-3.42193,-117.321,22.8763,-9999,-9999,3.91975,3.6968,-9999,-9999,-9999,-9999,-9999
79315,10,38.1823448,-75.1480192,4768.55,15008,-9999,247.625,125.562,197.938,0.394313,-0.08128,219.815,212.42,-7.39826,1.74597,-1.61671,-6,-9999,-9999,2,-9999,3.99414,571.632,954.983,32.5,302.349,91.023,-3.45305,-117.319,23.0246,-9999,-9999,3.91975,3.6968,-9999,-9999,-9999,-9999,-9999
79316,10,38.1815658,-75.1486406,4768.33,15004,-9999,248,125.688,198.188,0.395813,0,219.689,212.332,-7.35792,1.73344,-1.58564,-6,-6.54596,-9999,2,1.80298,1.55762,571.724,955.227,32.5,302.349,91.0249,-3.43306,-117.317,23.1532,-9999,-9999,3.91975,3.6968,-9999,-9999,-9999,-9999,-9999
79317,10,38.1807853,-75.1492615,4768.19,15001,-9999,248.25,125.75,198.375,0.395187,-0.65024,219.548,212.238,-7.31295,1.72571,-1.5077,-6,-6.56184,-9999,2,1.76025,3.18848,571.793,955.471,32.5,302.349,91.0269,-3.39906,-117.315,23.2984,-9999,-9999,3.91975,3.6968,-9999,-9999,-9999,-9999,-9999
79318,10,38.1796115,-75.1501916,4768.13,14999,-9999,248.375,125.875,198.125,0.395625,-0.08128,219.422,212.151,-7.27261,1.76365,-1.47251,-6,-6.704,-9999,2,1.63208,2.74414,571.839,955.715,32.5,302.349,91.0288,-3.42339,-117.313,23.4282,-9999,-9999,3.91975,3.6968,-9999,-9999,-9999,-9999,-9999
79319,10,38.1788278,-75.1508106,4768.04,15007,-9999,248.75,125.875,198.188,0.394625,0,219.346,212.059,-7.2884,1.76966,-1.68692,-6,-6.53889,-9999,2,1.76025,1.64551,571.655,955.918,32.5,302.349,91.0307,-3.51706,-117.311,23.5014,-9999,-9999,3.91975,3.6968,-9999,-9999,-9999,-9999,-9999
79320,10,38.1776492,-75.1517375,4767.85,15001,-9999,248.875,125.688,198,0.394812,-0.97536,219.301,211.949,-7.35569,1.7506,-1.84673,-6,-6.63769,-9999,2,1.66626,2.86133,571.793,956.285,32,301.998,91.0326,-3.56591,-117.309,23.5438,-9999,-9999,3.91975,3.6968,-9999,-9999,-9999,-9999,-9999
79321,10,38.1768621,-75.1523540,4767.74,14995,-9999,249.25,125.812,197.938,0.395438,-0.16256,219.121,211.839,-7.2884,1.7403,-1.92072,-6,-6.6052,-9999,2,1.72607,3.62305,571.932,956.285,32,301.998,91.0345,-3.59125,-117.307,23.7235,-9999,-9999,3.91975,3.6968,-9999,-9999,-9999,-9999,-9999
79322,10,38.1756792,-75.1532773,4767.58,15002,-9999,249.5,125.875,198.562,0.396688,0.24384,219.023,211.724,-7.30179,1.75301,-1.75713,-6,-6.79718,-9999,2,1.58081,2.12891,571.77,956.569,32,301.998,91.0365,-3.54072,-117.305,23.829,-9999,-9999,3.91975,3.6968,-9999,-9999,-9999,-9999,-9999
79323,10,38.1748889,-75.1538915,4767.46,14987,-9999,249.75,126,198.75,0.396125,0.08128,218.924,211.661,-7.26814,1.78047,-0.326672,-6,-6.59189,-9999,2,1.7688,1.93848,572.116,956.813,32,301.998,91.0384,-2.98946,-117.303,23.9612,-9999,-9999,3.91976,3.69681,-9999,-9999,-9999,-9999,-9999
79324,10,38.1737013,-75.1548120,4767.31,14998,-9999,250.125,126,198.375,0.396125,-1.13792,218.803,211.681,-7.12223,1.75833,1.29433,-6,-6.62503,-9999,2,1.73462,4.24316,571.862,956.936,32,301.998,91.0403,-2.3081,-117.301,24.1026,-9999,-9999,3.91975,3.6968,-9999,-9999,-9999,-9999,-9999
79325,10,38.1729089,-75.1554260,4767.25,14995,-9999,250.25,126.125,198.75,0.396625,0.73152,218.879,211.807,-7.07279,1.83094,2.2764,-6,-6.67864,-9999,2,1.70044,3.45215,571.932,957.18,32,302.701,91.0422,-1.97794,-117.299,24.0323,-9999,-9999,3.91975,3.6968,-9999,-9999,-9999,-9999,-9999
79326,10,38.1717211,-75.1563502,4767.25,14991,-9999,250.375,126.125,198.688,0.396688,-1.2192,219.209,212.005,-7.20978,1.77464,2.63105,-6,-6.58179,-9999,2,1.80298,1.44531,572.024,957.424,32,302.701,91.0441,-1.80152,-117.297,23.7036,-9999,-9999,3.91976,3.6968,-9999,-9999,-9999,-9999,-9999
79327,10,38.1709302,-75.1569699,4767.31,14992,-9999,250.5,126.125,198.688,0.396625,0.24384,219.501,212.216,-7.286,1.75953,2.17117,-6.25,-6.86918,-9999,2,1.50391,2.12891,572.001,957.627,32,302.701,91.0461,-1.98867,-117.294,23.4143,-9999,-9999,3.84553,3.61798,-9999,-9999,-9999,-9999,-9999
79328,10,38.1697460,-75.1579048,4767.38,14997,-9999,250.5,126,198.062,0.396125,-0.4064,219.745,212.359,-7.38487,1.79197,1.05658,-6,-6.75759,-9999,2,1.5979,3.4668,571.885,957.912,32,302.701,91.048,-2.47122,-117.292,23.167,-9999,-9999,3.91975,3.6968,-9999,-9999,-9999,-9999,-9999
79329,10,38.1689578,-75.1585309,4767.43,14999,-9999,250.75,125.938,198.188,0.396937,1.13792,219.954,212.451,-7.50607,1.77721,0.33165,-6.25,-6.69144,-9999,2,1.70044,2.25586,571.839,958.115,32,303.052,91.0499,-2.74858,-117.29,22.9522,-9999,-9999,3.84553,3.61798,-9999,-9999,-9999,-9999,-9999
79330,10,38.1677764,-75.1594724,4767.5,15001,-9999,250.75,126.062,198.625,0.396437,-0.89408,220.026,212.514,-7.51276,1.78511,0.152435,-6.25,-6.77037,-9999,2,1.5979,0.874023,571.793,958.36,32,303.052,91.0518,-2.8287,-117.288,22.88,-9999,-9999,3.84553,3.61798,-9999,-9999,-9999,-9999,-9999
79331,10,38.1669890,-75.1601020,4767.49,14993,-9999,250.875,126.188,198.312,0.396875,-0.24384,219.968,212.564,-7.40273,1.81944,0.0784492,-6.25,-6.61433,-9999,2,1.77734,1.80176,571.978,958.644,32,303.052,91.0537,-2.89019,-117.286,22.94,-9999,-9999,3.84553,3.61798,-9999,-9999,-9999,-9999,-9999
79332,10,38.1658079,-75.1610485,4767.51,14996,-9999,251.125,126.562,199.812,0.398438,1.38176,219.847,212.597,-7.25012,1.79352,-0.0188828,-6.25,-6.94352,-9999,2,1.50391,4.98047,571.908,958.726,32,303.052,91.0556,-2.9047,-117.284,23.0614,-9999,-9999,3.84553,3.61798,-9999,-9999,-9999,-9999,-9999
79333,10,38.1650206,-75.1616804,4767.57,14994,-9999,251.25,126.812,199.438,0.39825,-1.38176,219.844,212.615,-7.23227,1.8251,-0.0811958,-6.25,-6.86127,-9999,2,1.58081,2.11426,571.955,959.051,32.5,304.107,91.0575,-2.96003,-117.282,23.0654,-9999,-9999,3.84553,3.61798,-9999,-9999,-9999,-9999,-9999
79334,10,38.1638392,-75.1626295,4767.66,14996,-9999,251.25,126.75,199.5,0.398062,0.97536,219.93,212.631,-7.29956,1.84158,0.0394821,-6.25,-6.58853,-9999,2,1.85425,1.38672,571.908,959.214,32.5,304.107,91.0594,-2.93093,-117.28,22.9843,-9999,-9999,3.84553,3.61798,-9999,-9999,-9999,-9999,-9999
79335,10,38.1630512,-75.1632628,4767.7,15001,-9999,251.625,126.812,199.25,0.39825,-0.73152,219.95,212.669,-7.28376,1.78442,0.226421,-6.25,-6.68735,-9999,2,1.76025,3.58398,571.793,959.336,32.5,304.107,91.0613,-2.80749,-117.278,22.9678,-9999,-9999,3.84553,3.61798,-9999,-9999,-9999,-9999,-9999
79336,10,38.1618692,-75.1642143,4767.82,14993,-9999,251.75,126.688,199.75,0.398813,0,219.918,212.703,-7.21424,1.79747,0.261612,-6,-6.59455,-9999,2,1.87988,2.49023,571.978,959.621,32.5,304.107,91.0632,-2.80713,-117.276,23.0021,-9999,-9999,3.91976,3.6968,-9999,-9999,-9999,-9999,-9999
79337,10,38.1610811,-75.1648496,4767.89,14992,-9999,251.875,127,200.5,0.400063,0.97536,219.909,212.734,-7.17613,1.8342,0.113468,-6.25,-6.63783,-9999,2,1.88843,3.2959,572.001,959.865,32.5,304.459,91.0651,-2.9006,-117.274,23.0117,-9999,-9999,3.84553,3.61798,-9999,-9999,-9999,-9999,-9999
79338,10,38.1598989,-75.1658038,4768.04,14992,-9999,252,127.25,200.625,0.401125,-1.05664,220.008,212.768,-7.24119,1.77103,0.074501,-6.25,-6.5907,-9999,2,1.98242,1.91895,572.001,960.15,32.5,304.459,91.067,-2.86088,-117.272,22.9131,-9999,-9999,3.84553,3.61798,-9999,-9999,-9999,-9999,-9999
79339,10,38.1591105,-75.1664410,4768.18,14999,-9999,252,127.312,200.062,0.398438,1.13792,219.952,212.779,-7.1739,1.84914,-0.163078,-6,-6.59567,-9999,2,1.86279,0.332031,571.839,960.272,32.5,304.459,91.0689,-3.02664,-117.27,22.9692,-9999,-9999,3.91975,3.6968,-9999,-9999,-9999,-9999,-9999
79340,10,38.1579276,-75.1673975,4768.36,14998,-9999,252.25,127.312,199.75,0.398313,-0.8128,220.04,212.779,-7.26368,1.79317,-0.15913,-6,-6.65679,-9999,2.25,1.79443,-0.283203,571.862,960.516,32.5,304.459,91.0709,-2.9763,-117.268,22.8825,-9999,-9999,3.91975,3.6968,-9999,-9999,-9999,-9999,-9999
79341,10,38.1571389,-75.1680352,4768.47,15000,-9999,252.25,127.438,201.062,0.40075,-0.16256,220.087,212.813,-7.27707,1.78322,0.0278091,-6.25,-6.6828,-9999,2.25,1.87134,1.30859,571.816,960.76,32,303.755,91.0728,-2.89692,-117.266,22.8402,-9999,-9999,3.84553,3.61798,-9999,-9999,-9999,-9999,-9999
79342,10,38.1559555,-75.1689936,4768.71,14996,-9999,252.375,127.625,200.75,0.3995,0.4064,220.006,212.851,-7.15811,1.60486,0.086174,-6.25,-6.72226,-9999,2.25,1.77734,-0.546875,571.908,961.045,32,303.755,91.0747,-2.71078,-117.264,22.9206,-9999,-9999,3.84553,3.61798,-9999,-9999,-9999,-9999,-9999
79343,10,38.1551665,-75.1696337,4768.87,14993,-9999,252.625,127.625,201.25,0.401625,0.16256,219.934,212.86,-7.07279,1.54564,0.0588799,-6.25,-6.70247,-9999,2.25,1.88843,1.04492,571.978,961.086,32,303.755,91.0766,-2.66792,-117.262,22.993,-9999,-9999,3.84553,3.61798,-9999,-9999,-9999,-9999,-9999
