Flight_Tracks/discoveraq-ca/discoveraq-REVEAL_P3B_20130110_R0.ict
72,1001
Project Office
NSERC - National Suborbital Education and Research Center
P3-B Data Acquisition and Distribution
NASA_DISCOVER-AQ_California_2013
1,1
2013,01,10,2013,03,14
1
Start_UTC,seconds
39
1,1,1,1,1,1,1,1,1,1,1,1,1,1,1,1,1,1,1,1,1,1,1,1,1,1,1,1,1,1,1,1,1,1,1,1,1,1,1
-9999,-9999,-9999,-9999,-9999,-9999,-9999,-9999,-9999,-9999,-9999,-9999,-9999,-9999,-9999,-9999,-9999,-9999,-9999,-9999,-9999,-9999,-9999,-9999,-9999,-9999,-9999,-9999,-9999,-9999,-9999,-9999,-9999,-9999,-9999,-9999,-9999,-9999,-9999
Day_of_Year, Day, Day of flight counting from start of the year
Latitude, deg
Longitude, deg
GPS_Altitude, m
Pressure_Altitude, feet
Radar_Altitude, feet
Ground_Speed, m/s
True_Air_Speed, m/s
Indicated_Air_Speed, kts
Mach_Number, mach
Vertical_Speed, m/s
True_Heading, deg (0-360)
Track_Angle, deg (0-360)
Drift_Angle, deg
Pitch_Angle, deg (+-180)
Roll_Angle, deg (+-180)
Static_Air_Temp_Aircraft, Celsius
Static_Air_Temp, Celsius, Calculated from Rosemount 102E4AL TAT Sensor for correcting aircraft speed
Dew_Point_3-Stage, Celsius, Edgetech 3-Stage Hygrometer
Total_Air_Temp_Aircraft, Celsius
Total_Air_Temp, Celsius, From Rosemount 102E4AL TAT Sensor
IR_Surf_Temp, Celsius
Static_Pressure, mb
Cabin_Pressure, mb
Wind_Speed, m/s
Wind_Direction, deg (0-360)
Solar_Zenith_Angle, deg
Aircraft_Sun_Elevation, deg
Sun_Azimuth, deg
Aircraft_Sun_Azimuth, deg
Mixing_Ratio, g/kg
Part_Press_Water_Vapor, mb
Sat_Vapor_Press_H2O, mb
Sat_Vapor_Press_Ice, mb
Relative_Humidity, Percent
PrflNum,None,Six digit integer identifying a P-3B vertical profile. (See Other_Comments section for additional information).
SiteNum,None,Six digit integer indicating a P-3B overpass of ground site within 1.5 km and 2000 feet pressure altitude. (See Other_Comments section for additional information).
MANum,None,Six digit integer identifying a P-3B missed approach. (See Other_Comments section for additional information).
PrflBearing,deg N (0-360),Bearing to aircraft from center of spiral identified by PrflNum. Angle is measured from True North.
1
Final Data
18
PI_CONTACT_INFO: http://www.nserc.und.edu/about/contact.html
Platform: NASA P-3B
LOCATION: Included in data records
ASSOCIATED_DATA: N/A
INSTRUMENT_INFO: http://airbornescience.nasa.gov/sites/default/files/P-3B%20Experimenter%20Handbook%20548-HDBK-0001.pdf
DATA_INFO: http://airbornescience.nasa.gov/sites/default/files/P-3B%20Experimenter%20Handbook%20548-HDBK-0001.pdf
UNCERTAINTY: Reference P-3B Experimenter Handbook located at http://airbornescience.nasa.gov/sites/default/files/P-3B%20Experimenter%20Handbook%20548-HDBK-0001.pdf, for additional information please contact Eric Buzay at e.buzay@nserc.und.edu
ULOD_FLAG: -7777
ULOD_VALUE: N/A
LLOD_FLAG: -8888
LLOD_VALUE: N/A
DM_CONTACT_INFO: Eric Buzay, National Suborbital Education and Research Center, e.buzay@nserc.und.edu
PROJECT_INFO: http://discover-aq.larc.nasa.gov
STIPULATIONS_ON_USE: N/A
OTHER_COMMENTS: PrflNum - This number Starts with a 1, followed by the next two digits indicating SiteID (Shown below). SiteID is followed by a 0, and the last two digits give the sequential profile number from start of campaign. The PrflNum is also an indicator of the start and end of the vertical profile. SiteNum - This number starts with a 7, followed by SiteID for the next two digits. SiteID is followed by a 0, and the last two digits give sequential identifier from start of campaign. MANum - This number starts with an 8, followed by the next two digits indicating the specific airport (Shown below). Airport identifier is followed by a 0, and the last two digits give sequential identifier from start of campaign. Site and Airport IDs are listed as follows - Bakersfield (1), Porterville (2), Hanford (3), Huron (4), Tranquility (5), Fresno (6), Oildale (7), Corcoran (8), Clovis (9), Visalia (10), Lebec (11), Maricopa (12), ArvinDiGiorgio (13), Shafter (14), Parlier (15), FresnoDrummond (16), FresnoSkypark (17), MaderaPumpYard (18), MaderaCity (19), Merced (20), Turlock (21), TracyAirport (22), MantecaAMS (23), BakersfieldAPT (801), BakersfieldMeadows (807), PortervilleAPT (802), HanfordApt (803), CorcoranApt (808), Fresno Apt (806), VisaliaApt (810).
REVISION: R0
R0: This is Final Data. Added Day_Of_Year and Static_Air_Temp calculated from Rosemount TAT sensor to parameter list
Start_UTC,Day_Of_Year,Latitude,Longitude,GPS_Altitude,Pressure_Altitude,Radar_Altitude,Ground_Speed,True_Air_Speed,Indicated_Air_Speed,Mach_Number,Vertical_Speed,True_Heading,Track_Angle,Drift_Angle,Pitch_Angle,Roll_Angle,Static_Air_Temp_Aircraft,Static_Air_Temp,Dew_Point_3-Stage,Total_Air_Temp_Aircraft,Total_Air_Temp,IR_Surf_Temp,Static_Pressure,Cabin_Pressure,Wind_Speed,Wind_Direction,Solar_Zenith_Angle,Aircraft_Sun_Elevation,Sun_Azimuth,Aircraft_Sun_Azimuth,Mixing_Ratio,Part_Press_Water_Vapor,Sat_Vapor_Press_H2O,Sat_Vapor_Press_Ice,Relative_Humidity,PrflNum,SiteNum,MANum,PrflBearing
[from data line 6386]
85012,10,37.9433170,-75.4507010,167.63,153,642.7,148.25,75.6875,154.5,0.233812,5.60832,71.8878,75.7183,3.83389,2.87086,-20.53,7.75,7.47779,-1.7688,10.75,10.5444,2.61719,1007.66,1034.61,10,12.3047,108.173,-13.0125,-103.883,-169.439,3.34661,5.3926,10.5889,11.4209,50.9271,-9999,-9999,-9999,-9999
85013,10,37.9435211,-75.4496871,173.71,166,660.4,148.875,76.375,155.062,0.235625,2.8448,69.6296,72.7889,3.16269,3.32663,-21.6875,7.75,7.46438,-1.81152,10.75,10.5786,5.21973,1007.19,1033.26,9.5,8.4375,108.177,-11.6085,-103.881,-167.1,3.3376,5.37563,10.5888,11.4209,50.767,-9999,-9999,-9999,-9999
85014,10,37.9436847,-75.4490165,177.41,175,671.997,149.625,76.8125,155.812,0.236437,5.52704,67.1785,69.698,2.52514,4.00829,-21.7031,7.75,7.291,-1.99463,10.75,10.4248,3.39355,1006.86,1032.37,9.5,8.4375,108.181,-10.1418,-103.878,-164.912,3.29364,5.30348,10.5888,11.4209,50.0856,-9999,-9999,-9999,-9999
85015,10,37.9439735,-75.4480230,183.03,201,692.444,150.375,77.1875,157.125,0.238875,5.20192,64.4355,66.6812,2.24911,4.39281,-21.3718,7.5,7.44645,-2.12891,10.75,10.647,2.60254,1005.91,1031.68,9.5,8.4375,108.185,-8.96279,-103.875,-162.53,3.26403,5.2511,10.4097,11.2004,50.4445,-9999,-9999,-9999,-9999
85016,10,37.9441949,-75.4473729,186.98,225,711.517,150.625,77.75,157.812,0.238188,6.096,61.7081,63.9046,2.19967,3.34019,-22.7359,7.5,7.44774,-2.03125,10.75,10.6299,2.43164,1005.04,1031.68,9.5,8.4375,108.189,-8.56823,-103.872,-159.749,3.29066,5.28912,10.4096,11.2004,50.8098,-9999,-9999,-9999,-9999
85017,10,37.9445680,-75.4464160,193.55,241,724.03,150.75,78.375,158.625,0.2415,6.42112,58.8237,61.1727,2.35691,2.24894,-24.1857,7.5,7.3512,-2.2937,10.75,10.6213,5.83496,1004.46,1032.08,8,13.3594,108.192,-7.97382,-103.869,-156.867,3.22895,5.18745,10.4096,11.2004,49.8332,-9999,-9999,-9999,-9999
85018,10,37.9448416,-75.4457924,197.45,250,739.136,151.375,78.8125,160.125,0.242375,3.41376,55.5443,58.1537,2.61732,2.25975,-24.3143,7.75,7.32773,-2.37915,10.75,10.6213,4.33105,1004.13,1032.9,8,13.3594,108.196,-6.735,-103.866,-153.941,3.20952,5.15471,10.5887,11.4208,48.6811,-9999,-9999,-9999,-9999
85019,10,37.9452889,-75.4448793,201.96,261,751.801,152,79.125,160.625,0.243625,3.57632,52.3433,54.8966,2.55672,2.52926,-24.517,7.75,7.23496,-2.35474,11,10.5615,3.88672,1003.73,1033.79,8,13.3594,108.2,-5.30427,-103.864,-151.084,3.21665,5.16404,10.5887,11.4208,48.7693,-9999,-9999,-9999,-9999
85020,10,37.9456141,-75.4442876,204.66,270,760.956,152.5,79.4375,161.25,0.244813,4.064,49.4411,51.6351,2.20207,2.34713,-25.0509,7.5,7.20284,-2.34863,11,10.5615,2.3877,1003.4,1034.32,8,13.3594,108.204,-4.19011,-103.861,-148.44,3.21916,5.16637,10.4096,11.2003,49.6309,-9999,-9999,-9999,-9999
85021,10,37.9461427,-75.4434339,208.73,289,769.501,152.625,79.9375,161.125,0.247812,4.38912,46.7429,48.4365,1.6991,2.24705,-25.8069,7.5,7.29829,-2.37915,10.75,10.741,0.90332,1002.71,1034.4,8,12.3047,108.208,-2.94441,-103.858,-145.974,3.21407,5.15469,10.4096,11.2003,49.5188,-9999,-9999,-9999,-9999
85022,10,37.9465211,-75.4428892,211.26,294,779.572,152.75,80.3125,162.438,0.246312,2.19456,43.6138,45.1121,1.4926,2.20722,-26.5124,7.5,7.28024,-2.40356,11,10.6812,2.32422,1002.53,1033.99,8,12.3047,108.212,-1.5097,-103.855,-143.15,3.20881,5.14537,10.4096,11.2003,49.4293,-9999,-9999,-9999,-9999
85023,10,37.9471249,-75.4421115,214.75,296,788.727,153,80.5625,161.75,0.247438,1.95072,39.6946,41.5767,1.87883,1.83712,-26.9294,7.5,7.15662,-2.39746,11,10.5872,2.54883,1002.46,1033.34,8,12.3047,108.215,-0.210123,-103.852,-139.645,3.2105,5.1477,10.4095,11.2003,49.4517,-9999,-9999,-9999,-9999
85024,10,37.9475513,-75.4416223,216.92,304,794.525,153.25,80.625,164.062,0.247688,2.4384,36.0784,38.0414,1.96398,1.35303,-27.3697,7.5,7.15821,-2.69043,10.75,10.5957,2.2168,1002.17,1032.82,8,12.3047,108.219,0.927388,-103.849,-136.41,3.14204,5.03701,10.4095,11.2003,48.3884,-9999,-9999,-9999,-9999
85025,10,37.9482261,-75.4409379,219.95,321,803.223,153.125,80.9375,164,0.248812,3.82016,33.1222,34.5621,1.43887,1.31493,-27.631,7.5,7.09354,-2.42188,11,10.5615,3.0957,1001.55,1032.2,8,12.3047,108.223,2.01151,-103.847,-133.759,3.20758,5.13838,10.4095,11.2002,49.3623,-9999,-9999,-9999,-9999
85026,10,37.9486977,-75.4405169,221.68,324,808.258,152.875,80.8125,162.625,0.247375,-0.32512,30.377,31.1032,0.716,1.48693,-26.7072,7.5,7.15833,-2.4707,11,10.5872,-1.46484,1001.44,1031.76,8,12.3047,108.227,2.24785,-103.844,-131.27,3.19627,5.11981,10.4095,11.2002,49.1839,-9999,-9999,-9999,-9999
85027,10,37.9494332,-75.4399399,223.65,320,817.108,152.75,80.8125,161.562,0.246312,1.46304,27.2524,27.7293,0.469151,1.66958,-25.5341,7.5,7.16205,-2.70264,11,10.5615,0.195312,1001.59,1031.55,8,12.3047,108.23,2.28856,-103.841,-128.412,3.141,5.03244,10.4095,11.2002,48.3446,-9999,-9999,-9999,-9999
85028,10,37.9499405,-75.4395923,224.83,331,817.566,152.625,80.75,162.125,0.246063,1.13792,23.771,24.369,0.592575,1.9511,-24.9496,7.5,7.18575,-2.52563,11,10.5786,2.99805,1001.19,1031.47,8,12.3047,108.234,2.79553,-103.838,-125.198,3.18402,5.09899,10.4095,11.2002,48.984,-9999,-9999,-9999,-9999
85029,10,37.9507234,-75.4391276,226.62,340,825.348,152.375,80.75,163.438,0.247,2.8448,20.1278,20.8404,0.707073,2.71465,-25.0196,7.5,7.02508,-2.39746,11,10.4419,7.12402,1000.86,1031.55,8.5,18.6328,108.238,3.98992,-103.836,-121.78,3.21563,5.14767,10.4095,11.2002,49.4517,-9999,-9999,-9999,-9999
85030,10,37.9512577,-75.4388575,228.11,349,834.961,151.625,80.375,162.25,0.245562,2.11328,16.8776,17.213,0.329933,3.44061,-25.2574,7.5,7.10648,-2.53174,10.75,10.4846,1.17188,1000.54,1031.64,8.5,18.6328,108.241,5.10572,-103.833,-118.69,3.18465,5.09667,10.4095,11.2002,48.9618,-9999,-9999,-9999,-9999
85031,10,37.9520747,-75.4385162,231.4,359,845.184,151.125,80.3125,161.375,0.245438,3.08864,13.9662,13.689,-0.282726,3.72351,-25.1249,7.25,7.17743,-2.59277,10.75,10.553,1.4502,1000.17,1031.72,8.5,18.6328,108.245,5.54713,-103.83,-115.929,3.17134,5.07363,10.233,10.9836,49.581,-9999,-9999,-9999,-9999
85032,10,37.9526269,-75.4383321,234.36,374,866.852,150.125,80.125,161.062,0.245562,5.52704,11.1312,10.4274,-0.716,3.29367,-24.4897,7.5,7.04738,-2.40356,10.75,10.4248,0.541992,999.63,1031.51,8.5,18.6328,108.248,5.16839,-103.828,-113.293,3.21814,5.14532,10.4094,11.2001,49.4293,-9999,-9999,-9999,-9999
85033,10,37.9534625,-75.4381193,239.4,383,875.854,149.375,79.9375,160.75,0.244875,4.55168,8.27374,7.40839,-0.877533,2.40841,-24.3728,7.5,7.07449,-2.61719,10.75,10.4333,0.859375,999.304,1031.31,9.5,20.3906,108.252,5.07441,-103.825,-110.657,3.16833,5.06443,10.4094,11.2001,48.6523,-9999,-9999,-9999,-9999
85034,10,37.9540224,-75.4380159,242.65,400,881.195,149.125,79.8125,160.375,0.243375,2.76352,5.32871,4.405,-0.933666,2.05324,-24.556,7.25,6.91235,-2.76978,10.5,10.2283,2.17285,998.689,1030.94,9.5,20.3906,108.255,5.44472,-103.823,-107.894,3.13437,5.00734,10.233,10.9836,48.9334,-9999,-9999,-9999,-9999
85035,10,37.9548654,-75.4379154,246.6,407,889.435,148.875,79.6875,160.25,0.243938,3.73888,2.40395,1.23991,-1.17382,2.17461,-24.7975,7.25,6.88874,-2.75146,10.75,10.2197,1.99219,998.436,1030.86,9.5,20.3906,108.259,5.96652,-103.82,-105.105,3.13946,5.01416,10.233,10.9835,49.0001,-9999,-9999,-9999,-9999
85036,10,37.9554286,-75.4378848,248.67,413,898.743,148.625,79.625,159.812,0.2435,1.95072,359.239,357.887,-1.35784,2.66367,-24.8171,7.25,6.75698,-2.56226,10.5,10.0745,0.107422,998.218,1030.66,9.5,20.3906,108.262,6.29896,-103.817,-102.043,3.1848,5.0851,10.233,10.9835,49.6934,-9999,-9999,-9999,-9999
85037,10,37.9562726,-75.4378963,251.56,422,908.051,148.375,79.3125,159.188,0.24225,2.032,356.184,354.495,-1.69464,2.49802,-25.0665,7.25,6.89191,-2.59888,10.5,10.177,3.2959,997.893,1030.46,10.5,19.6875,108.265,6.63534,-103.815,-99.1397,3.17715,5.0713,10.2329,10.9835,49.5585,-9999,-9999,-9999,-9999
85038,10,37.9568330,-75.4379449,253.62,438,915.985,148,79.25,159.312,0.242125,3.6576,353.49,351.332,-2.16156,1.47423,-25.4562,7.25,7.04728,-2.59277,10.5,10.3308,0.46875,997.314,1030.33,10.5,19.6875,108.269,6.95884,-103.812,-96.6699,3.18045,5.07358,10.2329,10.9835,49.581,-9999,-9999,-9999,-9999
85039,10,37.9576677,-75.4380779,256.64,440,921.478,148,79.3125,159.5,0.243375,2.68224,350.707,348.239,-2.4757,0.608025,-25.7952,7.25,6.80257,-2.74536,10.5,10.1172,3.13477,997.242,1030.09,10.5,19.6875,108.272,7.28549,-103.81,-94.104,3.14466,5.01641,10.2329,10.9835,49.0223,-9999,-9999,-9999,-9999
85040,10,37.9582194,-75.4382035,258.07,446,926.361,148,79.375,159.938,0.242625,1.54432,347.746,345.112,-2.63054,-0.0769043,-26.0369,7.25,6.80584,-2.79419,10.5,10.1001,4.95605,997.025,1030.01,10.5,19.6875,108.275,7.54357,-103.808,-91.351,3.13389,4.99823,10.2329,10.9835,48.8447,-9999,-9999,-9999,-9999
85041,10,37.9590388,-75.4384459,258.9,443,926.514,148.5,79.5625,159.875,0.244375,-0.48768,344.46,341.821,-2.63054,-0.0497818,-26.1032,7.25,6.87692,-3.02002,10.5,10.2197,-2.64648,997.134,1029.84,11.5,20.3906,108.278,7.60382,-103.805,-88.2015,3.08107,4.91494,10.2329,10.9835,48.0307,-9999,-9999,-9999,-9999
85042,10,37.9595787,-75.4386447,258.61,437,915.527,148.875,79.625,159.938,0.2445,-0.97536,341.23,338.333,-2.89541,0.397568,-25.6862,7.25,6.68778,-2.87354,10.5,10.0317,-1.74805,997.351,1029.84,11.5,20.3906,108.281,7.07057,-103.803,-85.0645,3.11434,4.96883,10.2329,10.9835,48.5573,-9999,-9999,-9999,-9999
85043,10,37.9603759,-75.4390019,257.65,437,920.258,149.5,79.625,160.125,0.243687,-0.56896,337.953,334.719,-3.22775,0.82037,-26.5747,7.25,6.84482,-2.9895,10.5,10.1685,0.585938,997.351,1029.89,11.5,20.3906,108.284,7.71675,-103.8,-81.8643,3.08744,4.92613,10.2329,10.9835,48.14,-9999,-9999,-9999,-9999
85044,10,37.9608967,-75.4392808,257.1,435,917.358,149.75,79.625,160.25,0.244687,-0.4064,334.667,331.083,-3.58017,0.951347,-26.4305,7.25,7.00357,-3.17871,10.5,10.3564,1.19141,997.423,1029.84,11.5,20.3906,108.287,7.26493,-103.798,-78.7223,3.04378,4.85715,10.2329,10.9835,47.4659,-9999,-9999,-9999,-9999
85045,10,37.9616580,-75.4397606,256.78,434,919.189,150.125,79.6875,160.062,0.244875,0.56896,331.147,327.467,-3.67441,1.20197,-25.8731,7.25,6.82962,-3.35571,10.5,10.1855,0.546875,997.459,1029.8,12,18.2812,108.29,6.26952,-103.796,-75.381,3.00353,4.7934,10.2329,10.9835,46.8429,-9999,-9999,-9999,-9999
85046,10,37.9621502,-75.4401198,256.82,432,917.816,150.5,79.625,160.5,0.243563,0.8128,327.636,323.887,-3.74617,1.43303,-25.5303,7.25,7.00864,-3.11768,10.5,10.3308,0.703125,997.531,1029.64,12,18.2812,108.293,5.39034,-103.794,-72.0653,3.0574,4.87931,10.2329,10.9835,47.6824,-9999,-9999,-9999,-9999
85047,10,37.9628621,-75.4407160,257.37,443,905.151,150.75,79.5,159.312,0.243062,0.56896,324.321,320.358,-3.95491,1.62495,-25.581,7.25,7.08122,-3.26416,10.5,10.3906,-1.79199,997.134,1029.52,12,18.2812,108.296,4.83374,-103.791,-68.9376,3.02522,4.82628,10.2329,10.9835,47.1643,-9999,-9999,-9999,-9999
85048,10,37.9633176,-75.4411499,258.09,448,902.557,151,79.4375,159.188,0.242812,0.48768,321.3,316.885,-4.41067,1.7082,-26.0409,7.25,7.01194,-3.31909,10.5,10.3137,-0.834961,996.953,1029.44,12,18.2812,108.299,4.66064,-103.789,-66.0866,3.01332,4.80652,10.2329,10.9835,46.9712,-9999,-9999,-9999,-9999
85049,10,37.9639690,-75.4418521,259.58,459,892.487,151.125,79.25,159.625,0.242125,1.78816,318.465,313.523,-4.94041,1.38256,-26.2903,7.25,6.86992,-3.38013,10.5,10.1514,-3.84766,996.556,1029.28,12.5,15.1172,108.302,4.41699,-103.787,-63.4609,3.00075,4.78465,10.2329,10.9835,46.7576,-9999,-9999,-9999,-9999
85050,10,37.9643814,-75.4423521,260.65,458,905.304,151.5,79.25,159.562,0.243188,2.76352,315.322,310.228,-5.08856,1.13417,-26.298,7.25,6.93429,-3.11157,10.5,10.2454,-0.00488282,996.592,1029.11,12.5,15.1172,108.305,3.8209,-103.785,-60.57,3.06168,4.88152,10.2329,10.9835,47.7041,-9999,-9999,-9999,-9999
85051,10,37.9649662,-75.4431460,261.96,459,906.83,152,79.25,159.5,0.242125,0.32512,312.139,306.989,-5.15362,0.624847,-26.3486,7.25,6.86992,-3.34351,10.5,10.1514,2.53418,996.556,1028.99,12.5,15.1172,108.308,3.33476,-103.783,-57.664,3.00901,4.79776,10.2329,10.9835,46.8857,-9999,-9999,-9999,-9999
85052,10,37.9653332,-75.4437031,262.56,463,908.661,152.375,79.125,159.25,0.242563,-0.24384,309.174,303.815,-5.36013,0.295773,-26.3057,7.25,7.00176,-3.22754,10.5,10.2966,2.03125,996.411,1028.91,12.5,15.1172,108.31,2.71318,-103.781,-54.9625,3.03574,4.83947,10.2329,10.9834,47.2933,-9999,-9999,-9999,-9999
85053,10,37.9658474,-75.4445781,262.81,464,902.405,153,79.25,159.125,0.243062,-0.73152,306.274,300.65,-5.62723,0.137672,-26.0603,7.25,6.83631,-3.22754,10.5,10.1428,3.70605,996.375,1028.87,13.5,13.7109,108.313,1.83046,-103.779,-52.3293,3.03585,4.83947,10.2329,10.9834,47.2933,-9999,-9999,-9999,-9999
85054,10,37.9661656,-75.4451861,262.56,451,902.71,153.625,79.0625,159.5,0.24125,-0.48768,303.34,297.568,-5.77984,-0.295429,-25.6472,7.25,7.04536,-3.24585,10.5,10.3052,1.4502,996.845,1028.67,13.5,13.7109,108.316,0.949509,-103.777,-49.677,3.03025,4.83287,10.2329,10.9835,47.2287,-9999,-9999,-9999,-9999
85055,10,37.9666049,-75.4461330,261.69,457,899.353,154.375,79.25,159.75,0.243,-0.4064,300.303,294.611,-5.69916,-0.853329,-24.6962,7.25,6.88866,-3.1604,10.5,10.1941,1.55762,996.628,1028.62,13.5,13.7109,108.318,-0.263936,-103.775,-46.919,3.05039,4.86378,10.2329,10.9835,47.5308,-9999,-9999,-9999,-9999
85056,10,37.9668725,-75.4467859,260.77,445,892.792,155.375,79.5,160.062,0.244125,-1.6256,297.353,291.873,-5.49042,-1.57705,-22.7087,7.25,7.0019,-3.05054,10.5,10.3394,1.03027,997.061,1028.71,13.5,13.7109,108.321,-1.99836,-103.773,-44.1594,3.07426,4.90378,10.2329,10.9835,47.9216,-9999,-9999,-9999,-9999
85057,10,37.9672374,-75.4477943,258.76,435,883.942,156,79.5,160.188,0.243188,-1.95072,294.397,289.348,-5.05714,-1.84862,-20.0274,7.25,6.95118,-2.90405,10.5,10.2625,-1.5625,997.423,1028.71,14,14.4141,108.324,-4.35017,-103.771,-41.2552,3.10701,4.95756,10.2329,10.9835,48.4472,-9999,-9999,-9999,-9999
85058,10,37.9674568,-75.4484825,256.85,415,879.517,156.5,79.5,160.125,0.243125,-3.49504,291.322,286.858,-4.47126,-0.481167,-17.6578,7.25,7.02042,-2.87354,10.5,10.3308,-1.69922,998.146,1028.67,14,14.4141,108.326,-7.58391,-103.769,-38.2629,3.11185,4.96885,10.233,10.9835,48.5573,-9999,-9999,-9999,-9999
85059,10,37.9677517,-75.4495339,253.72,420,835.876,156.875,79.3125,159.312,0.242437,-3.41376,288.693,284.27,-4.43092,0.726814,-18.106,7.25,7.05579,-3.00781,10.5,10.3479,2.08984,997.965,1028.71,14,14.4141,108.329,-8.87884,-103.767,-35.9809,3.08131,4.91943,10.2329,10.9835,48.0744,-9999,-9999,-9999,-9999
85060,10,37.9679236,-75.4502466,252.41,427,825.195,156.875,79.1875,158.75,0.241938,0.08128,286.79,281.808,-4.98745,0.416965,-17.8799,7.25,6.90028,-2.92847,10.5,10.177,1.02051,997.712,1028.83,14,14.4141,108.331,-9.26267,-103.765,-34.1669,3.10045,4.94857,10.2329,10.9835,48.3592,-9999,-9999,-9999,-9999
85061,10,37.9681427,-75.4513288,252.19,422,822.754,156.875,78.9375,158.188,0.241875,1.05664,284.931,279.637,-5.29953,-0.116558,-17.615,7.25,7.0202,-2.91016,10.5,10.2966,1.05957,997.893,1028.75,12,10.5469,108.334,-9.46255,-103.764,-32.3645,3.10413,4.95532,10.2329,10.9835,48.4252,-9999,-9999,-9999,-9999
85062,10,37.9682656,-75.4520561,252.44,422,867.31,156.75,78.8125,158.562,0.240437,0.56896,282.923,277.592,-5.33987,-0.141964,-15.8807,7.25,6.79672,-3.13599,10.5,10.0317,0.615234,997.893,1028.58,12,10.5469,108.336,-10.837,-103.762,-30.2226,3.0521,4.87266,10.2329,10.9835,47.6174,-9999,-9999,-9999,-9999
85063,10,37.9684189,-75.4531533,252.37,429,874.023,156.75,78.5,157.312,0.239187,-1.70688,280.922,275.864,-5.0683,-0.0583649,-11.169,7.25,6.95661,-3.39233,10.5,10.1599,1.85547,997.64,1028.5,12,10.5469,108.339,-13.5901,-103.76,-27.431,2.99474,4.78031,10.2329,10.9835,46.7149,-9999,-9999,-9999,-9999
85064,10,37.9685024,-75.4538879,252.19,424,871.582,156.625,78.3125,157.375,0.239438,0.8128,279.174,274.724,-4.46234,0.0396538,-5.36974,7.25,6.9162,-3.12378,10.5,10.1257,-0.0537109,997.821,1028.38,12,10.5469,108.341,-16.4394,-103.758,-24.3363,3.05511,4.8771,10.2329,10.9835,47.6607,-9999,-9999,-9999,-9999
