Flight_Tracks/discoveraq-ca/discoveraq-REVEAL_P3B_20130110_R0.ict
72,1001
Project Office
NSERC - National Suborbital Education and Research Center
P3-B Data Acquisition and Distribution
NASA_DISCOVER-AQ_California_2013
1,1
2013,01,10,2013,03,14
1
Start_UTC,seconds
39
1,1,1,1,1,1,1,1,1,1,1,1,1,1,1,1,1,1,1,1,1,1,1,1,1,1,1,1,1,1,1,1,1,1,1,1,1,1,1
-9999,-9999,-9999,-9999,-9999,-9999,-9999,-9999,-9999,-9999,-9999,-9999,-9999,-9999,-9999,-9999,-9999,-9999,-9999,-9999,-9999,-9999,-9999,-9999,-9999,-9999,-9999,-9999,-9999,-9999,-9999,-9999,-9999,-9999,-9999,-9999,-9999,-9999,-9999
Day_of_Year, Day, Day of flight counting from start of the year
Latitude, deg
Longitude, deg
GPS_Altitude, m
Pressure_Altitude, feet
Radar_Altitude, feet
Ground_Speed, m/s
True_Air_Speed, m/s
Indicated_Air_Speed, kts
Mach_Number, mach
Vertical_Speed, m/s
True_Heading, deg (0-360)
Track_Angle, deg (0-360)
Drift_Angle, deg
Pitch_Angle, deg (+-180)
Roll_Angle, deg (+-180)
Static_Air_Temp_Aircraft, Celsius
Static_Air_Temp, Celsius, Calculated from Rosemount 102E4AL TAT Sensor for correcting aircraft speed
Dew_Point_3-Stage, Celsius, Edgetech 3-Stage Hygrometer
Total_Air_Temp_Aircraft, Celsius
Total_Air_Temp, Celsius, From Rosemount 102E4AL TAT Sensor
IR_Surf_Temp, Celsius
Static_Pressure, mb
Cabin_Pressure, mb
Wind_Speed, m/s
Wind_Direction, deg (0-360)
Solar_Zenith_Angle, deg
Aircraft_Sun_Elevation, deg
Sun_Azimuth, deg
Aircraft_Sun_Azimuth, deg
Mixing_Ratio, g/kg
Part_Press_Water_Vapor, mb
Sat_Vapor_Press_H2O, mb
Sat_Vapor_Press_Ice, mb
Relative_Humidity, Percent
PrflNum,None,Six digit integer identifying a P-3B vertical profile. (See Other_Comments section for additional information).
SiteNum,None,Six digit integer indicating a P-3B overpass of ground site within 1.5 km and 2000 feet pressure altitude. (See Other_Comments section for additional information).
MANum,None,Six digit integer identifying a P-3B missed approach. (See Other_Comments section for additional information).
PrflBearing,deg N (0-360),Bearing to aircraft from center of spiral identified by PrflNum. Angle is measured from True North.
1
Final Data
18
PI_CONTACT_INFO: http://www.nserc.und.edu/about/contact.html
Platform: NASA P-3B
LOCATION: Included in data records
ASSOCIATED_DATA: N/A
INSTRUMENT_INFO: http://airbornescience.nasa.gov/sites/default/files/P-3B%20Experimenter%20Handbook%20548-HDBK-0001.pdf
DATA_INFO: http://airbornescience.nasa.gov/sites/default/files/P-3B%20Experimenter%20Handbook%20548-HDBK-0001.pdf
UNCERTAINTY: Reference P-3B Experimenter Handbook located at http://airbornescience.nasa.gov/sites/default/files/P-3B%20Experimenter%20Handbook%20548-HDBK-0001.pdf, for additional information please contact Eric Buzay at e.buzay@nserc.und.edu
ULOD_FLAG: -7777
ULOD_VALUE: N/A
LLOD_FLAG: -8888
LLOD_VALUE: N/A
DM_CONTACT_INFO: Eric Buzay, National Suborbital Education and Research Center, e.buzay@nserc.und.edu
PROJECT_INFO: http://discover-aq.larc.nasa.gov
STIPULATIONS_ON_USE: N/A
OTHER_COMMENTS: PrflNum - This number Starts with a 1, followed by the next two digits indicating SiteID (Shown below). SiteID is followed by a 0, and the last two digits give the sequential profile number from start of campaign. The PrflNum is also an indicator of the start and end of the vertical profile. SiteNum - This number starts with a 7, followed by SiteID for the next two digits. SiteID is followed by a 0, and the last two digits give sequential identifier from start of campaign. MANum - This number starts with an 8, followed by the next two digits indicating the specific airport (Shown below). Airport identifier is followed by a 0, and the last two digits give sequential identifier from start of campaign. Site and Airport IDs are listed as follows - Bakersfield (1), Porterville (2), Hanford (3), Huron (4), Tranquility (5), Fresno (6), Oildale (7), Corcoran (8), Clovis (9), Visalia (10), Lebec (11), Maricopa (12), ArvinDiGiorgio (13), Shafter (14), Parlier (15), FresnoDrummond (16), FresnoSkypark (17), MaderaPumpYard (18), MaderaCity (19), Merced (20), Turlock (21), TracyAirport (22), MantecaAMS (23), BakersfieldAPT (801), BakersfieldMeadows (807), PortervilleAPT (802), HanfordApt (803), CorcoranApt (808), Fresno Apt (806), VisaliaApt (810).
REVISION: R0
R0: This is Final Data. Added Day_Of_Year and Static_Air_Temp calculated from Rosemount TAT sensor to parameter list
Start_UTC,Day_Of_Year,Latitude,Longitude,GPS_Altitude,Pressure_Altitude,Radar_Altitude,Ground_Speed,True_Air_Speed,Indicated_Air_Speed,Mach_Number,Vertical_Speed,True_Heading,Track_Angle,Drift_Angle,Pitch_Angle,Roll_Angle,Static_Air_Temp_Aircraft,Static_Air_Temp,Dew_Point_3-Stage,Total_Air_Temp_Aircraft,Total_Air_Temp,IR_Surf_Temp,Static_Pressure,Cabin_Pressure,Wind_Speed,Wind_Direction,Solar_Zenith_Angle,Aircraft_Sun_Elevation,Sun_Azimuth,Aircraft_Sun_Azimuth,Mixing_Ratio,Part_Press_Water_Vapor,Sat_Vapor_Press_H2O,Sat_Vapor_Press_Ice,Relative_Humidity,PrflNum,SiteNum,MANum,PrflBearing
[from data line 276]
78902,10,38.1256395,-75.2668000,2709.37,8405,-9999,246.25,121.188,212.438,0.37375,9.7536,34.0883,37.4227,3.32663,4.87741,0.00429153,5.25,4.98279,-9999,13,12.749,5,741.038,876.052,16.5,285.826,89.7188,4.40981,-118.452,-152.282,-9999,-9999,8.9059,9.37337,-9999,-9999,-9999,-9999,-9999
78903,10,38.1265402,-75.2659101,2718.2,8433,-9999,246.5,121.5,212.625,0.373,8.29056,34.0389,37.4182,3.37366,4.88102,-0.0188828,5.25,4.97983,-9999,13,12.7148,3.84766,740.242,876.174,16.5,285.826,89.7228,4.41779,-118.449,-152.229,-9999,-9999,8.90587,9.37334,-9999,-9999,-9999,-9999,-9999
78904,10,38.1274419,-75.2650189,2727.08,8462,-9999,246.75,121.625,212.875,0.375625,9.42848,34.0233,37.4296,3.40284,4.8848,-0.128059,5.25,4.93175,-9999,13,12.7747,0.683594,739.419,876.54,16,288.287,89.7267,4.46736,-118.446,-152.208,-9999,-9999,8.90585,9.37331,-9999,-9999,-9999,-9999,-9999
78905,10,38.1283445,-75.2641268,2735.97,8487,-9999,247,121.812,212.875,0.375437,7.07136,34.0592,37.4205,3.36027,4.8884,-0.20977,5.25,4.86457,-9999,13,12.6978,-0.0683594,738.71,876.621,16,288.287,89.7306,4.5059,-118.443,-152.24,-9999,-9999,8.90583,9.37328,-9999,-9999,-9999,-9999,-9999
78906,10,38.1292480,-75.2632337,2744.9,8521,-9999,247.25,122.062,213.75,0.376375,10.5664,34.048,37.4182,3.36697,4.88668,-0.186424,5,4.92619,-9999,13,12.8003,4.2334,737.747,876.662,16,288.287,89.7346,4.48905,-118.439,-152.226,-9999,-9999,8.75209,9.1891,-9999,-9999,-9999,-9999,-9999
78907,10,38.1301525,-75.2623393,2753.84,8538,-9999,247.375,122.375,214,0.377688,8.37184,33.9357,37.4071,3.47031,4.89801,-0.151405,5,4.78132,-9999,13,12.7063,-0.126953,737.266,876.825,16,288.287,89.7385,4.47451,-118.436,-152.111,-9999,-9999,8.75208,9.18908,-9999,-9999,-9999,-9999,-9999
78908,10,38.1310578,-75.2614440,2762.83,8570,-9999,247.625,122.625,214.25,0.378688,8.37184,33.8123,37.4026,3.58463,4.91295,-0.124111,5,4.79861,-9999,13,12.7661,5.41016,736.36,876.947,16,288.287,89.7424,4.46618,-118.433,-151.984,-9999,-9999,8.75205,9.18905,-9999,-9999,-9999,-9999,-9999
78909,10,38.1319640,-75.2605480,2771.89,8604,-9999,247.875,122.875,214.5,0.378625,8.85952,33.7898,37.3957,3.60266,4.90952,-0.10849,5,4.64334,-9999,13,12.6038,1.7627,735.399,877.028,15.5,291.451,89.7463,4.45089,-118.43,-151.959,-9999,-9999,8.75202,9.18901,-9999,-9999,-9999,-9999,-9999
78910,10,38.1328713,-75.2596512,2780.96,8628,-9999,248,123,214.25,0.378062,8.128,33.837,37.3913,3.54876,4.91518,-0.0734711,5,4.65801,-9999,13,12.5952,2.56836,734.722,877.272,15.5,291.451,89.7503,4.43723,-118.427,-152.004,-9999,-9999,8.752,9.18898,-9999,-9999,-9999,-9999,-9999
78911,10,38.1337793,-75.2587538,2790.04,8664,-9999,248.25,123.125,214.875,0.3795,9.99744,33.8729,37.4048,3.52404,4.8951,0.0511551,5,4.5494,-9999,13,12.5439,4.76563,733.706,877.394,15.5,291.451,89.7542,4.3584,-118.424,-152.039,-9999,-9999,8.75197,9.18895,-9999,-9999,-9999,-9999,-9999
78912,10,38.1346877,-75.2578555,2799.16,8680,-9999,248.5,123.25,214.562,0.379,7.80288,33.846,37.416,3.56455,4.88823,0.140762,4.75,4.53664,-9999,13,12.5098,-0.820312,733.255,877.557,15.5,291.451,89.7581,4.30511,-118.421,-152.011,-9999,-9999,8.6006,9.00808,-9999,-9999,-9999,-9999,-9999
78913,10,38.1355968,-75.2569562,2808.27,8716,-9999,248.5,123.312,214.688,0.379312,9.67232,33.7539,37.4318,3.67218,4.91226,0.086174,4.75,4.60691,-9999,12.75,12.5952,1.6748,732.241,877.638,15.5,294.263,89.7621,4.34407,-118.417,-151.914,-9999,-9999,8.60057,9.00805,-9999,-9999,-9999,-9999,-9999
78914,10,38.1365062,-75.2560558,2817.41,8747,-9999,248.875,123.438,214.875,0.38075,8.85952,33.7157,37.4474,3.73055,4.87999,-0.0188828,4.75,4.45661,-9999,12.75,12.5012,3.56445,731.369,877.842,15.5,294.263,89.766,4.35948,-118.414,-151.872,-9999,-9999,8.60055,9.00801,-9999,-9999,-9999,-9999,-9999
78915,10,38.1374165,-75.2551545,2826.55,8781,-9999,249,123.5,215,0.380062,9.59104,33.7673,37.4452,3.67218,4.89492,-0.0578499,4.75,4.41008,-9999,12.75,12.4243,6.63574,730.413,877.964,15.5,294.263,89.77,4.38899,-118.411,-151.92,-9999,-9999,8.60052,9.00798,-9999,-9999,-9999,-9999,-9999
78916,10,38.1383270,-75.2542525,2835.75,8802,-9999,249.125,123.562,214.938,0.380313,9.02208,33.8123,37.4563,3.64077,4.8999,0.000514984,4.75,4.27526,-9999,12.75,12.2961,2.59766,729.824,878.167,15.5,294.263,89.7739,4.36365,-118.408,-151.963,-9999,-9999,8.6005,9.00795,-9999,-9999,-9999,-9999,-9999
78917,10,38.1392379,-75.2533495,2845.01,8836,-9999,249.25,123.688,215,0.380875,9.67232,33.7696,37.4721,3.70136,4.8678,0.0784492,4.5,4.30201,-9999,12.75,12.3474,3.67676,728.87,878.249,16,296.373,89.7778,4.29286,-118.405,-151.92,-9999,-9999,8.45144,8.83032,-9999,-9999,-9999,-9999,-9999
78918,10,38.1401493,-75.2524458,2854.17,8861,-9999,249.5,123.75,214.562,0.381187,8.9408,33.7045,37.4924,3.78445,4.88977,0.0822258,4.5,4.22274,-9999,12.75,12.2791,-0.3125,728.169,878.452,16,296.373,89.7818,4.3037,-118.402,-151.851,-9999,-9999,8.45142,8.83029,-9999,-9999,-9999,-9999,-9999
78919,10,38.1410611,-75.2515416,2863.3,8900,-9999,249.625,123.625,214.312,0.380563,7.88416,33.6686,37.5035,3.83612,4.86832,0.0315857,4.5,4.14874,-9999,12.5,12.1765,1.14258,727.077,878.696,16,296.373,89.7857,4.30316,-118.399,-151.812,-9999,-9999,8.45139,8.83025,-9999,-9999,-9999,-9999,-9999
78920,10,38.1419730,-75.2506363,2872.42,8921,-9999,249.75,123.625,214.5,0.381563,10.3226,33.7,37.5013,3.79354,4.88445,0.000514984,4.5,4.19903,-9999,12.5,12.2705,4.44824,726.489,878.818,16,296.373,89.7896,4.32925,-118.396,-151.839,-9999,-9999,8.45137,8.83023,-9999,-9999,-9999,-9999,-9999
78921,10,38.1428863,-75.2497306,2881.47,8952,-9999,250,123.625,214.438,0.381625,8.37184,33.7876,37.5171,3.72608,4.87501,-0.00326157,4.5,4.0304,-9999,12.5,12.0996,0.878906,725.623,878.94,16.5,296.724,89.7936,4.32215,-118.392,-151.924,-9999,-9999,8.45135,8.8302,-9999,-9999,-9999,-9999,-9999
78922,10,38.1438001,-75.2488238,2890.52,8986,-9999,250.125,123.688,214.688,0.381813,10.6477,33.8101,37.5283,3.71269,4.82025,0.0472069,4.5,4.0393,-9999,12.5,12.1167,4.85352,724.673,879.185,16.5,296.724,89.7975,4.24691,-118.389,-151.946,-9999,-9999,8.45132,8.83017,-9999,-9999,-9999,-9999,-9999
78923,10,38.1447139,-75.2479154,2899.54,9006,-9999,250.25,123.688,214.375,0.38175,7.96544,33.7696,37.5417,3.77552,4.82935,0.074501,4.5,4.00035,-9999,12.5,12.074,2.72461,724.115,879.307,16.5,296.724,89.8015,4.23638,-118.386,-151.903,-9999,-9999,8.4513,8.83014,-9999,-9999,-9999,-9999,-9999
78924,10,38.1456287,-75.2470060,2908.44,9043,-9999,250.375,123.875,214.375,0.3815,9.50976,33.8145,37.5574,3.74411,4.82042,0.0511551,4.25,3.90268,-9999,12.5,11.9629,0.429688,723.083,879.388,16.5,296.724,89.8054,4.23725,-118.383,-151.945,-9999,-9999,8.30453,8.6557,-9999,-9999,-9999,-9999,-9999
78925,10,38.1465438,-75.2460959,2917.33,9067,-9999,250.75,123.812,214.5,0.381375,8.9408,33.9177,37.5686,3.64523,4.80669,0.0784492,4.25,3.91612,-9999,12.25,11.9714,4.66797,722.415,879.551,17,295.67,89.8094,4.2124,-118.38,-152.046,-9999,-9999,8.30451,8.65568,-9999,-9999,-9999,-9999,-9999
78926,10,38.1474595,-75.2451846,2926.21,9091,-9999,250.875,124,214.625,0.382062,7.96544,33.9852,37.5844,3.60043,4.81236,0.0667763,4.25,3.82145,-9999,12.25,11.9031,2.81738,721.747,879.713,17,295.67,89.8133,4.22153,-118.377,-152.111,-9999,-9999,8.30449,8.65565,-9999,-9999,-9999,-9999,-9999
78927,10,38.1483754,-75.2442728,2935.08,9122,-9999,251,124.125,214.5,0.3835,9.10336,33.9829,37.6023,3.62068,4.81253,-0.104542,4,3.83697,-9999,12.25,11.98,2.85645,720.885,879.998,17,295.67,89.8173,4.29767,-118.374,-152.102,-9999,-9999,8.15998,8.48436,-9999,-9999,-9999,-9999,-9999
78928,10,38.1492914,-75.2433602,2943.98,9151,-9999,251.25,124.188,215.188,0.383875,8.37184,33.9627,37.6,3.63184,4.8048,-0.287704,4,3.61399,-9999,12,11.7664,2.40234,720.079,880.08,17,295.67,89.8212,4.37173,-118.37,-152.076,-9999,-9999,8.15996,8.48433,-9999,-9999,-9999,-9999,-9999
78929,10,38.1502080,-75.2424472,2952.91,9182,-9999,251.375,124.25,214.625,0.383125,8.69696,33.9469,37.5822,3.63184,4.82317,-0.346241,4,3.6366,-9999,12,11.7578,4.23828,719.219,880.202,16.5,295.318,89.8252,4.41076,-118.367,-152.055,-9999,-9999,8.15993,8.4843,-9999,-9999,-9999,-9999,-9999
78930,10,38.1511253,-75.2415338,2961.87,9219,-9999,251.5,124.375,215.188,0.384625,9.26592,33.9672,37.5664,3.5915,4.806,-0.237064,4,3.43363,-9999,12,11.6125,5.05859,718.193,880.283,16.5,295.318,89.8291,4.34114,-118.364,-152.075,-9999,-9999,8.1599,8.48426,-9999,-9999,-9999,-9999,-9999
78931,10,38.1520435,-75.2406196,2970.84,9241,-9999,251.75,124.625,215.125,0.384625,8.04672,33.9874,37.5619,3.56901,4.81476,-0.10849,3.75,3.53322,-9999,12,11.7151,2.33887,717.584,880.486,16.5,295.318,89.8331,4.28538,-118.361,-152.094,-9999,-9999,8.01763,8.31607,-9999,-9999,-9999,-9999,-9999
78932,10,38.1529621,-75.2397055,2979.84,9259,-9999,251.75,124.75,215.062,0.384,8.69696,33.9447,37.5686,3.62291,4.82111,-0.167027,3.75,3.66693,-9999,12,11.8262,4.80957,717.085,880.649,16.5,295.318,89.837,4.31275,-118.358,-152.047,-9999,-9999,8.01761,8.31605,-9999,-9999,-9999,-9999,-9999
78933,10,38.1538813,-75.2387909,2988.82,9300,-9999,252,124.688,214.812,0.384813,8.85952,33.846,37.5463,3.6969,4.80927,-0.973663,3.75,3.38439,-9999,12,11.5698,5.3418,715.951,880.893,16.5,295.67,89.841,4.67343,-118.355,-151.934,-9999,-9999,8.01758,8.31601,-9999,-9999,-9999,-9999,-9999
78934,10,38.1548016,-75.2378767,2997.7,9326,-9999,252.125,124.625,214.812,0.384625,8.61568,33.7764,37.461,3.68351,4.81424,-1.78425,3.75,3.43363,-9999,12,11.6125,3.5498,715.233,881.097,16.5,295.67,89.8449,5.05298,-118.352,-151.854,-9999,-9999,8.01756,8.31599,-9999,-9999,-9999,-9999,-9999
78935,10,38.1557236,-75.2369637,3006.47,9351,-9999,252.25,124.688,214.812,0.384813,9.7536,33.6776,37.3329,3.64986,4.81768,-2.09221,3.5,3.3014,-9999,11.75,11.4844,1.12793,714.543,881.178,16.5,295.67,89.8489,5.19581,-118.348,-151.749,-9999,-9999,7.87748,8.15083,-9999,-9999,-9999,-9999,-9999
78936,10,38.1566473,-75.2360523,3015.23,9389,-9999,252.375,124.688,214.812,0.38475,8.61568,33.4352,37.187,3.74411,4.83141,-2.1389,3.75,3.33717,-9999,11.75,11.5186,3.98926,713.495,881.422,16.5,295.67,89.8528,5.22422,-118.345,-151.502,-9999,-9999,8.01751,8.31593,-9999,-9999,-9999,-9999,-9999
78937,10,38.1575731,-75.2351437,3024.02,9411,-9999,252.375,124.562,214.562,0.384438,9.26592,33.1344,37.0344,3.89671,4.8254,-2.20911,3.5,3.32518,-9999,11.75,11.4929,2.13867,712.889,881.504,16.5,294.966,89.8568,5.24636,-118.342,-151.197,-9999,-9999,7.87744,8.15077,-9999,-9999,-9999,-9999,-9999
78938,10,38.1585011,-75.2342382,3032.81,9444,-9999,252.5,124.5,214.062,0.383,9.67232,32.8493,36.8684,4.01121,4.82454,-2.33768,3.5,3.22668,-9999,11.75,11.3306,1.7627,711.98,881.626,16.5,294.966,89.8607,5.30183,-118.339,-150.907,-9999,-9999,7.87741,8.15074,-9999,-9999,-9999,-9999,-9999
78939,10,38.1594314,-75.2333361,3041.59,9469,-9999,252.625,124.25,213.438,0.382125,6.99008,32.6069,36.7022,4.0852,4.82489,-2.39227,3.5,3.21281,-9999,11.75,11.2793,3.53027,711.292,881.829,16.5,294.966,89.8647,5.32347,-118.336,-150.66,-9999,-9999,7.87739,8.15072,-9999,-9999,-9999,-9999,-9999
78940,10,38.1603645,-75.2324372,3050.34,9497,-9999,252.75,124.25,213.438,0.382062,8.77824,32.3824,36.5316,4.13687,4.83587,-2.34163,3.5,3.26518,-9999,11.5,11.3306,2.60742,710.523,881.91,16.5,294.966,89.8686,5.30316,-118.333,-150.431,-9999,-9999,7.87737,8.15069,-9999,-9999,-9999,-9999,-9999
78941,10,38.1613004,-75.2315413,3059.1,9525,-9999,252.875,124.188,213.688,0.383938,8.9408,32.1647,36.3632,4.19077,4.82214,-2.26765,3.5,3.0802,-9999,11.5,11.2195,1.94824,709.754,882.073,17.5,293.209,89.8725,5.2494,-118.33,-150.211,-9999,-9999,7.87735,8.15066,-9999,-9999,-9999,-9999,-9999
78942,10,38.1622386,-75.2306490,3067.85,9546,-9999,253,124.25,213.688,0.384187,8.45312,31.9379,36.2017,4.2536,4.81356,-2.35331,3.5,2.8956,-9999,11.5,11.04,2.87598,709.178,882.358,17.5,293.209,89.8765,5.27891,-118.326,-149.98,-9999,-9999,7.87734,8.15065,-9999,-9999,-9999,-9999,-9999
78943,10,38.1631794,-75.2297600,3076.58,9587,-9999,253.125,124.375,213.688,0.3845,8.77824,31.7539,36.0176,4.25806,4.81047,-2.62608,3.25,2.94082,-9999,11.5,11.0999,2.98828,708.054,882.439,17.5,293.209,89.8804,5.40748,-118.323,-149.791,-9999,-9999,7.73942,7.98847,-9999,-9999,-9999,-9999,-9999
78944,10,38.1641226,-75.2288741,3085.4,9609,-9999,253.25,124.438,213.875,0.384875,8.69696,31.5855,35.829,4.23334,4.79588,-2.95738,3.25,3.04984,-9999,11.25,11.228,1.63574,707.452,882.602,18.5,291.451,89.8844,5.55688,-118.32,-149.619,-9999,-9999,7.7394,7.98845,-9999,-9999,-9999,-9999,-9999
78945,10,38.1650685,-75.2279918,3094.19,9637,-9999,253.375,124.625,213.812,0.3855,9.10336,31.3543,35.6113,4.24913,4.79416,-3.35495,3.25,2.73359,-9999,11.25,10.929,0.537109,706.686,882.765,18.5,291.451,89.8883,5.75289,-118.317,-149.385,-9999,-9999,7.73938,7.98842,-9999,-9999,-9999,-9999,-9999
78946,10,38.1660172,-75.2271139,3102.97,9665,-9999,253.25,124.688,214.062,0.38575,7.88416,31.0671,35.3734,4.29857,4.79691,-3.71338,3,2.59879,-9999,11.25,10.8008,3.83301,705.92,882.846,18.5,291.451,89.8923,5.9361,-118.314,-149.094,-9999,-9999,7.60361,7.8292,-9999,-9999,-9999,-9999,-9999
78947,10,38.1669692,-75.2262412,3111.68,9691,-9999,253.5,124.812,214.438,0.385312,8.69696,30.764,35.1063,4.33445,4.77888,-4.01361,3,2.75793,-9999,11.25,10.946,0.761719,705.21,883.05,18.5,291.451,89.8962,6.07475,-118.311,-148.789,-9999,-9999,7.60359,7.82917,-9999,-9999,-9999,-9999,-9999
78948,10,38.1679246,-75.2253742,3120.32,9709,-9999,253.5,125,214.5,0.386063,8.61568,30.4093,34.8167,4.39951,4.78764,-4.28244,3,2.78502,-9999,11.25,11.0059,2.40234,704.719,883.375,18.5,291.451,89.9001,6.22363,-118.308,-148.431,-9999,-9999,7.60358,7.82916,-9999,-9999,-9999,-9999,-9999
78949,10,38.1688834,-75.2245129,3129.04,9745,-9999,253.5,125.062,214.438,0.387437,8.128,30.0637,34.5024,4.43092,4.76858,-4.4462,3,2.60363,-9999,11.25,10.8777,3.48633,703.737,883.457,19.5,291.099,89.9041,6.2962,-118.305,-148.083,-9999,-9999,7.60355,7.82912,-9999,-9999,-9999,-9999,-9999
78950,10,38.1698457,-75.2236582,3137.82,9779,-9999,253.5,125.188,214.625,0.387937,8.5344,29.7336,34.186,4.44448,4.79656,-4.3487,3,2.63266,-9999,11.25,10.929,2.24121,702.81,883.538,19.5,291.099,89.908,6.27179,-118.302,-147.746,-9999,-9999,7.60353,7.82909,-9999,-9999,-9999,-9999,-9999
78951,10,38.1708116,-75.2228105,3146.64,9805,-9999,253.625,125.438,215,0.388813,10.2413,29.4284,33.8829,4.44448,4.7818,-4.07988,2.75,2.65435,-9999,11.25,10.9888,2.8125,702.103,883.782,19.5,291.099,89.9119,6.11817,-118.298,-147.434,-9999,-9999,7.46987,7.67277,-9999,-9999,-9999,-9999,-9999
78952,10,38.1717811,-75.2219695,3155.45,9829,-9999,253.5,125.688,215.125,0.38875,8.45312,29.1478,33.5979,4.44225,4.79708,-3.95113,2.75,2.64866,-9999,11.25,10.9802,0.405273,701.45,883.904,20,292.505,89.9158,6.06222,-118.295,-147.147,-9999,-9999,7.46985,7.67274,-9999,-9999,-9999,-9999,-9999
78953,10,38.1727540,-75.2211346,3164.27,9862,-9999,253.5,125.75,215.438,0.389125,7.7216,28.7953,33.315,4.50731,4.77819,-4.02529,2.75,2.50035,-9999,11.25,10.8435,1.51855,700.553,883.985,20,292.505,89.9198,6.08721,-118.292,-146.791,-9999,-9999,7.46983,7.67272,-9999,-9999,-9999,-9999,-9999
78954,10,38.1737300,-75.2203060,3173.11,9891,-9999,253.75,126.062,215.438,0.390438,9.7536,28.4453,33.0232,4.57014,4.77768,-4.28638,2.75,2.35443,-9999,11.25,10.7495,1.26953,699.766,884.392,20,292.505,89.9237,6.23055,-118.289,-146.438,-9999,-9999,7.46981,7.67269,-9999,-9999,-9999,-9999,-9999
78955,10,38.1747093,-75.2194841,3181.98,9910,-9999,253.75,126.25,215.688,0.390125,8.29056,28.0974,32.7135,4.60825,4.78661,-4.5631,2.75,2.40893,-9999,11.25,10.7922,1.83594,699.251,884.474,20,292.505,89.9276,6.39271,-118.286,-146.086,-9999,-9999,7.4698,7.67267,-9999,-9999,-9999,-9999,-9999
78956,10,38.1756919,-75.2186692,3190.89,9942,-9999,253.625,126.312,216.125,0.390312,8.77824,27.7382,32.3812,4.63074,4.77785,-4.71897,2.5,2.2933,-9999,11,10.6812,2.58789,698.384,884.596,20,292.505,89.9315,6.47557,-118.283,-145.724,-9999,-9999,7.33822,7.51919,-9999,-9999,-9999,-9999,-9999
